1458547398,3,0
1458547433,3,0
1458547586,3,0
1458547868,3,0
1458547948,6,0
1458547991,6,0
1458548027,6,0
1458548119,6,0
1458548242,3,0
1458548312,6,0
1458548535,3,0
1458548568,3,0
1458548710,6,0
1458548783,6,0
1458548832,3,0
1458548856,3,0
1458550078,6,0
1458550095,6,0
1458576062,19,0
1458576214,19,0
1458580780,6,0
1458581416,6,0
1458581524,6,0
1458582092,15,0
1458582171,15,0
1458582316,15,0
1458582365,15,0
1458582935,15,0
1458585741,19,0
1458588337,15,0
1458588421,19,0
1458588477,19,0
1458588579,15,0
1458588590,19,0
1458589282,15,0
1458589642,15,0
1458590162,1,0
1458590221,15,1
1458590575,19,0
1458591122,19,1
1458591226,15,0
1458591625,4,1
1458591998,6,0
1458592012,6,0
1458592328,4,0
1458592645,15,0
1458593779,12,0
1458594252,2,0
1458594295,19,0
1458595685,18,0
1458596006,8,1
1458596071,10,0
1458596094,10,0
1458596410,19,0
1458596450,19,0
1458596964,10,0
1458598315,19,0
1458598372,8,1
1458598803,12,1
1458599611,14,0
1458599724,14,1
1458600328,3,0
1458603853,7,0
1458604566,15,0
1458605022,6,0
1458605054,6,0
1458605981,14,0
1458607692,4,0
1458607701,10,0
1458607803,10,0
1458607808,4,0
1458608400,7,0
1458610095,15,0
1458611454,10,0
1458612201,10,0
1458612221,10,0
1458612398,15,0
1458612454,15,0
1458612521,15,0
1458612876,18,0
1458613167,10,0
1458613354,10,0
1458614799,18,0
1458617886,14,0
1458617920,14,0
1458618057,10,0
1458618118,10,0
1458618301,14,0
1458618977,14,0
1458620000,10,0
1458620052,10,0
1458620472,7,0
1458621049,10,0
1458621153,10,0
1458621998,10,0
1458623940,18,0
1458625806,18,0
1458628503,18,0
1458629197,6,0
1458629276,6,0
1458629291,14,0
1458629301,14,0
1458630108,15,0
1458630136,15,0
1458631014,18,0
1458631740,18,0
1458632628,6,0
1458632671,6,0
1458634717,3,0
1458635143,6,0
1458635619,14,0
1458635634,14,0
1458637574,14,0
1458652275,2,0
1458664236,12,1
1458664294,12,0
1458664405,12,0
1458664856,12,0
1458668190,6,0
1458668237,6,0
1458671727,6,0
1458672147,2,0
1458672374,12,0
1458672384,2,0
1458672514,6,0
1458672762,2,0
1458673067,12,0
1458673432,4,0
1458676178,6,0
1458678263,7,0
1458678317,7,0
1458679307,7,0
1458679580,13,0
1458679808,3,1
1458680649,1,0
1458680866,19,0
1458681180,4,0
1458681180,18,0
1458681230,18,0
1458681313,18,0
1458682713,4,0
1458683247,4,0
1458684588,4,0
1458684694,7,0
1458684968,7,0
1458685770,2,0
1458685879,12,1
1458685942,4,0
1458685951,4,0
1458686327,3,1
1458686353,2,0
1458686411,2,0
1458686467,2,0
1458686609,19,0
1458686724,19,0
1458688265,7,0
1458688302,7,0
1458688515,7,0
1458688903,7,0
1458689012,12,0
1458690311,19,0
1458693473,18,0
1458695337,7,0
1458696529,6,1
1458696576,6,0
1458696688,6,0
1458696713,6,0
1458696728,6,0
1458697715,6,0
1458697850,6,0
1458697922,6,0
1458698159,6,0
1458699255,15,0
1458699485,15,0
1458699742,15,0
1458702172,7,0
1458703486,7,0
1458703685,7,0
1458703723,14,0
1458704151,14,0
1458704321,7,0
1458704868,14,0
1458705463,19,0
1458705498,19,0
1458706517,10,0
1458707434,13,0
1458707454,13,0
1458707702,14,0
1458712875,7,0
1458712886,7,0
1458712922,7,0
1458713167,7,0
1458713728,7,0
1458714071,14,0
1458714172,7,0
1458714604,14,0
1458714774,14,0
1458715717,14,0
1458719045,18,0
1458722461,14,0
1458727555,14,0
1458727765,14,0
1458735295,14,0
1458740305,14,0
1458740711,14,0
1458744762,6,0
1458744846,6,0
1458744861,6,0
1458747390,7,0
1458748739,12,0
1458749718,12,0
1458749740,7,0
1458749792,7,0
1458750025,18,0
1458750714,7,0
1458751322,7,0
1458751561,14,0
1458752435,7,0
1458752543,7,0
1458752693,7,0
1458752761,7,0
1458752832,7,0
1458752919,14,0
1458752977,7,0
1458753037,7,0
1458753087,7,0
1458753199,7,0
1458753281,7,0
1458753412,7,0
1458754044,7,0
1458754288,7,0
1458754940,7,0
1458755227,7,0
1458755517,7,0
1458756092,7,0
1458758107,7,0
1458758492,7,0
1458758578,7,1
1458758675,7,0
1458758723,7,0
1458759073,16,0
1458759396,2,0
1458759586,2,0
1458760486,2,0
1458760522,2,0
1458760760,7,0
1458761729,14,0
1458763607,7,0
1458764593,14,0
1458764884,14,0
1458766031,2,0
1458769676,7,0
1458771731,4,0
1458771856,4,0
1458772017,4,0
1458772098,4,0
1458772414,7,0
1458772807,2,0
1458772811,1,0
1458773366,2,0
1458773414,7,0
1458774511,13,0
1458776230,8,0
1458776699,2,0
1458777852,7,0
1458777951,7,0
1458778334,7,0
1458781286,19,0
1458781506,7,0
1458782187,19,0
1458782218,19,0
1458782448,7,0
1458783615,7,0
1458785055,14,0
1458785671,7,0
1458786227,7,0
1458786321,7,0
1458786527,6,0
1458787226,6,0
1458787433,7,0
1458788084,14,0
1458788330,2,0
1458788333,2,0
1458789003,19,0
1458789042,19,1
1458789920,15,0
1458790516,6,0
1458792153,7,0
1458792493,18,0
1458793783,2,0
1458793786,2,0
1458793815,2,0
1458793914,2,0
1458797219,6,0
1458798728,2,0
1458799302,14,0
1458799383,7,0
1458799827,6,0
1458799859,6,0
1458799912,19,0
1458799922,19,0
1458800147,3,0
1458800426,7,0
1458801008,19,0
1458801103,7,0
1458801398,7,0
1458801523,7,0
1458801555,7,0
1458801623,7,0
1458801822,7,0
1458802326,7,0
1458802886,6,0
1458802904,6,0
1458803380,2,0
1458803388,2,0
1458803659,10,0
1458803864,2,0
1458803883,2,0
1458803897,2,0
1458805159,6,0
1458808414,7,0
1458808573,7,0
1458808725,7,0
1458809222,7,0
1458809288,7,0
1458812587,10,0
1458831285,14,0
1458834907,14,0
1458839543,14,0
1458839840,18,0
1458841025,7,0
1458841177,19,0
1458841218,7,0
1458841272,19,0
1458841395,19,0
1458841725,19,0
1458841959,19,0
1458843195,7,0
1458845660,7,0
1458845712,7,0
1458845960,19,0
1458846180,18,0
1458846597,7,0
1458846749,13,0
1458847435,7,0
1458847925,7,0
1458848441,2,0
1458848690,7,0
1458851705,19,0
1458852707,7,0
1458855064,12,0
1458855939,2,0
1458856059,2,0
1458856119,2,0
1458857318,2,0
1458857846,2,0
1458858265,2,0
1458858295,2,0
1458858313,2,0
1458858551,2,0
1458858696,2,0
1458859469,2,0
1458859553,2,0
1458859773,2,0
1458860110,2,0
1458863038,3,0
1458863160,3,0
1458865317,6,0
1458865344,6,0
1458865369,6,0
1458865407,6,0
1458865431,6,0
1458865612,12,0
1458865657,6,0
1458865718,6,0
1458867297,13,0
1458867467,13,0
1458867807,13,0
1458867997,6,0
1458868090,10,0
1458868100,10,0
1458870180,10,0
1458870366,10,0
1458870416,16,0
1458873183,10,0
1458873818,14,0
1458875353,14,0
1458876840,14,0
1458878459,12,0
1458878575,12,0
1458881401,20,0
1458882131,14,0
1458882502,7,0
1458882521,7,0
1458882544,7,0
1458882592,7,0
1458882696,7,0
1458883142,7,1
1458885532,2,0
1458885678,18,0
1458887593,10,0
1458888411,7,1
1458888586,2,0
1458889160,7,1
1458890851,15,0
1458891291,15,0
1458891375,15,0
1458897388,14,0
1458897508,14,0
1458898238,14,0
1458898289,14,0
1458913076,2,0
1458929301,2,0
1458933005,2,0
1458933069,6,0
1458933101,6,0
1458933128,2,0
1458933193,18,0
1458933222,2,0
1458933383,2,0
1458933411,2,0
1458933503,2,0
1458934147,12,0
1458934251,2,0
1458934260,2,0
1458934642,7,0
1458935235,7,0
1458935581,7,0
1458935950,7,0
1458937493,7,0
1458937533,15,1
1458937563,7,0
1458937706,7,0
1458937750,15,0
1458937759,7,0
1458937786,15,0
1458937962,19,0
1458938104,19,0
1458938131,7,0
1458938347,7,0
1458938402,7,0
1458938709,18,0
1458938805,18,0
1458939174,8,1
1458939984,7,0
1458940000,7,0
1458940011,7,0
1458940465,16,0
1458941455,2,0
1458943997,15,0
1458947284,4,0
1458947358,15,0
1458947446,15,0
1458947510,4,0
1458949400,2,0
1458949590,15,0
1458953430,7,0
1458953479,10,0
1458953720,10,0
1458954040,10,0
1458954786,3,0
1458954847,3,0
1458954986,3,0
1458955017,3,0
1458955048,10,0
1458955078,3,0
1458955483,6,0
1458955708,3,0
1458956397,19,0
1458959202,8,1
1458961725,6,0
1458962147,18,0
1458962238,18,0
1458962518,18,0
1458962529,18,0
1458962766,3,0
1458964502,6,0
1458965879,18,0
1458966595,6,0
1458967010,14,0
1458967061,2,0
1458968614,6,0
1458973327,16,0
1458973569,7,0
1458980022,14,0
1458981032,14,0
1458981040,6,0
1458981909,14,0
1458981944,14,0
1458982948,6,0
1458983146,6,0
1458983285,6,0
1458984167,6,0
1458988071,2,0
1458988118,2,0
1458988314,2,0
1458993891,7,0
1458994049,7,0
1458995401,7,0
1459002090,7,0
1459012014,2,0
1459013529,12,0
1459014204,12,0
1459014788,12,0
1459015276,15,0
1459028473,2,0
1459029612,15,0
1459029879,5,0
1459030274,19,1
1459031921,10,0
1459031977,14,0
1459032232,14,0
1459032285,10,0
1459032703,14,0
1459032745,5,0
1459034037,5,0
1459034415,14,0
1459034858,15,0
1459036151,14,0
1459036223,14,0
1459036782,14,0
1459037392,14,0
1459037801,14,0
1459039072,2,0
1459039227,2,0
1459040164,10,0
1459040602,10,0
1459041401,10,0
1459041686,10,0
1459041733,10,0
1459044226,14,0
1459044410,14,0
1459045791,3,0
1459047260,10,0
1459047269,10,0
1459047946,2,0
1459047983,2,0
1459048000,2,0
1459048009,14,0
1459048033,10,0
1459048036,14,0
1459048870,10,0
1459048975,10,0
1459048979,3,0
1459049082,10,0
1459049236,10,0
1459049317,10,0
1459049373,10,0
1459049713,6,0
1459049748,6,0
1459049779,6,0
1459049824,6,0
1459049900,6,0
1459049912,6,0
1459050954,2,0
1459051068,2,0
1459051531,2,0
1459051936,2,0
1459052479,19,0
1459052515,19,0
1459052571,19,0
1459053458,19,0
1459053668,10,0
1459055286,19,0
1459055537,2,0
1459055567,10,0
1459055895,14,0
1459057226,19,0
1459057328,19,0
1459057336,19,0
1459057341,19,0
1459060279,12,0
1459060451,6,0
1459062584,14,0
1459063305,14,0
1459064113,3,0
1459066960,12,0
1459067888,14,0
1459068056,7,0
1459068139,12,0
1459069007,7,0
1459069104,7,0
1459071566,7,0
1459073903,14,0
1459075233,7,0
1459075443,7,0
1459077625,7,0
1459077810,7,0
1459080685,14,0
1459080800,7,0
1459081669,7,0
1459083360,14,0
1459084065,14,0
1459090011,2,0
1459090571,14,0
1459093715,14,0
1459094338,14,0
1459098178,8,0
1459098317,8,0
1459098367,8,0
1459098383,12,0
1459098787,12,1
1459099282,12,0
1459099312,12,0
1459109945,3,0
1459110019,3,0
1459112451,1,0
1459113595,7,0
1459113668,7,0
1459116849,6,0
1459117007,7,0
1459118121,7,0
1459118144,7,0
1459118677,7,0
1459120007,16,0
1459121925,2,0
1459122067,2,0
1459123850,14,0
1459124086,2,0
1459124101,2,0
1459125162,7,0
1459125226,8,0
1459125796,7,0
1459127209,14,0
1459127818,1,0
1459128805,14,0
1459130005,7,0
1459130814,7,0
1459130991,7,0
1459134063,2,0
1459134535,2,0
1459135601,6,0
1459136469,18,0
1459136984,14,0
1459137215,10,0
1459137232,7,0
1459137613,2,0
1459138018,10,0
1459139188,10,0
1459139856,14,0
1459141822,14,0
1459142421,2,0
1459143259,4,0
1459144528,6,0
1459144947,6,0
1459145025,6,0
1459145184,19,0
1459145195,10,0
1459145267,6,0
1459145270,10,0
1459145468,6,0
1459145480,19,0
1459145566,6,0
1459145578,6,0
1459146193,6,0
1459146328,14,0
1459147118,14,0
1459147337,6,0
1459147908,6,0
1459148390,6,0
1459149268,10,0
1459149318,10,0
1459149466,7,0
1459150277,7,0
1459150339,7,1
1459150378,7,0
1459152318,6,0
1459152587,6,0
1459153255,7,0
1459153409,7,0
1459156819,2,0
1459156910,2,0
1459157335,2,0
1459157902,2,0
1459161488,14,0
1459161705,14,0
1459163497,7,0
1459164349,14,0
1459178497,2,0
1459178512,2,0
1459182277,16,0
1459182516,6,0
1459182694,2,0
1459184304,19,0
1459184821,19,0
1459184882,6,0
1459185427,6,0
1459185741,6,0
1459185947,19,0
1459185948,6,0
1459186194,6,0
1459186362,6,0
1459188085,16,0
1459190975,6,0
1459191340,6,0
1459192044,1,0
1459192729,6,0
1459192762,6,0
1459195376,6,0
1459195611,15,0
1459195934,19,0
1459196229,19,0
1459196244,19,0
1459196299,6,0
1459196381,2,0
1459196499,19,0
1459196751,18,0
1459196764,19,0
1459196919,19,0
1459197120,19,0
1459197257,19,0
1459197263,19,0
1459197269,19,0
1459197338,2,0
1459198271,18,0
1459198707,19,0
1459198794,16,0
1459200011,18,0
1459201144,12,1
1459201984,4,0
1459202006,4,0
1459202080,4,1
1459203667,19,0
1459203806,19,0
1459203874,19,0
1459203918,19,0
1459203968,19,0
1459203993,19,0
1459204498,19,0
1459204567,19,0
1459204575,19,0
1459204580,2,0
1459204755,2,0
1459204780,2,0
1459204806,2,0
1459205658,19,0
1459205688,19,0
1459207872,14,1
1459208947,2,0
1459210616,2,0
1459210928,2,0
1459211202,19,0
1459211550,2,0
1459211990,19,0
1459212005,10,0
1459212293,19,0
1459212638,10,0
1459212682,2,0
1459212737,2,0
1459213904,6,0
1459214391,7,0
1459214429,7,0
1459214575,7,0
1459214989,7,0
1459215046,6,0
1459215103,7,0
1459215433,6,0
1459217328,7,0
1459217840,6,0
1459217896,6,0
1459217938,6,0
1459218171,6,0
1459218448,2,0
1459218466,2,0
1459220727,2,0
1459220748,2,0
1459222187,7,0
1459222395,7,0
1459222442,7,0
1459223018,6,0
1459223066,10,0
1459223409,7,0
1459223810,2,0
1459223945,2,0
1459224038,10,0
1459224070,2,0
1459224241,7,0
1459224339,2,0
1459224608,10,0
1459225947,4,0
1459225968,10,0
1459226276,6,0
1459226499,10,0
1459226517,12,1
1459226884,2,0
1459226998,10,0
1459227007,2,0
1459227528,10,0
1459227577,10,0
1459227600,10,0
1459227601,10,0
1459227692,10,0
1459227773,10,0
1459227956,10,0
1459227961,10,0
1459228107,7,0
1459228158,7,0
1459228159,2,0
1459228568,7,0
1459228605,10,0
1459228889,7,0
1459229147,2,0
1459229992,6,0
1459230140,6,0
1459230311,6,0
1459232420,12,0
1459235171,14,0
1459235226,14,0
1459236096,14,0
1459236985,2,0
1459236996,2,0
1459240404,14,0
1459242247,15,1
1459244637,7,0
1459245462,6,0
1459262450,14,0
1459263340,12,1
1459263840,7,0
1459270694,12,0
1459276594,18,0
1459279299,12,0
1459280896,4,0
1459280915,4,0
1459280924,4,1
1459281003,4,0
1459281137,12,1
1459282029,18,0
1459282376,7,0
1459283366,2,0
1459285378,7,0
1459287275,7,0
1459287643,12,0
1459287906,3,0
1459289461,3,0
1459291767,6,0
1459291790,6,0
1459292254,6,0
1459292310,6,0
1459292732,6,0
1459292963,7,0
1459293007,6,0
1459293053,6,0
1459293070,7,0
1459293161,7,0
1459293185,6,0
1459293208,6,0
1459293352,4,0
1459293464,4,0
1459293552,7,0
1459294056,4,0
1459294711,4,0
1459295205,7,0
1459295391,6,0
1459295428,6,0
1459295541,7,0
1459296430,3,0
1459297313,15,0
1459297429,15,0
1459297491,15,0
1459297540,15,0
1459297645,15,0
1459297794,15,0
1459298057,15,0
1459298145,15,0
1459300160,7,0
1459302737,10,0
1459302738,1,0
1459302776,10,0
1459302956,7,0
1459302970,10,0
1459303049,7,0
1459303082,7,0
1459303209,19,0
1459303245,7,0
1459303335,19,0
1459303354,19,0
1459303355,10,0
1459303361,10,0
1459303369,10,0
1459303384,19,1
1459303533,7,0
1459303642,10,0
1459303890,7,0
1459303912,7,0
1459304082,10,0
1459304818,4,0
1459304824,4,0
1459304918,4,0
1459305008,10,0
1459305077,10,0
1459305221,10,0
1459305236,19,0
1459305317,19,0
1459305527,10,0
1459305552,10,0
1459305732,10,0
1459306384,19,0
1459306408,19,0
1459307233,10,0
1459307565,14,0
1459307632,6,0
1459307683,6,0
1459307727,6,0
1459307739,6,0
1459307800,6,0
1459307923,10,0
1459307937,7,0
1459307950,10,0
1459310583,14,0
1459310671,14,0
1459311189,3,0
1459311253,15,0
1459311341,19,0
1459311474,15,0
1459311490,2,0
1459312150,19,0
1459313744,7,0
1459317218,14,0
1459317299,14,0
1459317939,15,0
1459319645,19,0
1459319716,12,0
1459320605,14,0
1459320619,14,0
1459323603,12,0
1459329162,2,0
1459337572,14,0
1459338021,4,0
1459338432,14,1
1459348436,18,0
1459353358,2,0
1459354316,7,0
1459354550,14,0
1459355421,14,0
1459355427,14,0
1459358641,13,0
1459358819,2,0
1459359931,7,0
1459360590,2,0
1459360775,2,0
1459360995,2,0
1459361342,2,0
1459361632,7,0
1459361828,7,1
1459361864,7,1
1459362323,1,0
1459362979,18,0
1459364581,16,0
1459364977,18,0
1459366703,2,0
1459367558,18,0
1459367725,4,1
1459369693,2,0
1459369778,2,0
1459369822,2,0
1459370029,18,0
1459371274,16,0
1459372066,16,0
1459373243,19,0
1459373310,19,0
1459373343,19,0
1459373369,19,0
1459373415,7,0
1459373453,7,0
1459373529,19,0
1459375085,2,0
1459376007,15,0
1459379175,19,0
1459380946,4,0
1459384027,6,0
1459384090,6,1
1459384722,6,0
1459386520,6,0
1459387301,6,1
1459387327,6,0
1459388303,20,1
1459389085,1,0
1459389274,19,0
1459391143,19,0
1459391145,19,0
1459391376,7,0
1459392577,14,0
1459394526,2,0
1459395010,2,0
1459395036,2,0
1459395232,18,0
1459395737,6,0
1459396122,19,0
1459396511,6,0
1459396563,19,0
1459396750,19,0
1459396893,19,0
1459397048,19,0
1459397072,19,0
1459397177,19,0
1459397629,19,0
1459397702,6,0
1459397767,6,0
1459398024,6,0
1459398101,6,0
1459398113,6,0
1459398245,19,0
1459398539,19,0
1459398585,14,0
1459399638,18,0
1459400278,7,0
1459400537,19,0
1459400851,18,0
1459401014,19,0
1459401595,15,1
1459401684,6,0
1459401924,7,0
1459402011,7,0
1459404112,19,0
1459405043,7,0
1459405069,7,0
1459405558,19,0
1459405894,3,0
1459406416,7,0
1459406508,7,0
1459406592,7,0
1459410484,19,0
1459412644,6,0
1459413032,6,0
1459413245,6,0
1459413261,6,0
1459417114,15,0
1459417189,15,0
1459431849,7,0
1459432988,7,0
1459434531,14,0
1459434558,14,0
1459435901,14,0
1459436373,14,0
1459436537,14,0
1459439028,14,0
1459439947,14,0
1459441959,14,0
1459443113,14,0
1459445694,19,0
1459447561,6,0
1459448062,14,0
1459448301,13,0
1459448424,13,0
1459449440,6,0
1459450288,13,0
1459451184,6,0
1459451801,6,0
1459452521,3,1
1459452544,3,0
1459452548,6,0
1459453074,6,0
1459453137,2,0
1459453217,6,0
1459454631,2,0
1459454641,4,0
1459454769,6,0
1459454912,4,1
1459454932,4,0
1459456610,1,0
1459457321,2,0
1459457872,6,0
1459458546,7,0
1459458572,7,0
1459459284,7,0
1459460152,7,0
1459460206,7,0
1459460341,7,0
1459460631,14,0
1459463235,6,0
1459463266,6,0
1459463315,6,0
1459463387,6,0
1459463856,19,0
1459464032,19,0
1459464099,19,0
1459464207,7,0
1459464406,19,0
1459464552,19,0
1459464574,19,0
1459464652,19,0
1459464675,19,0
1459466000,19,0
1459466239,14,0
1459466276,4,0
1459466756,3,0
1459466900,19,0
1459467062,19,0
1459467169,19,0
1459467572,19,0
1459467633,19,0
1459467855,10,0
1459468022,19,0
1459469936,19,0
1459470147,12,0
1459470196,12,0
1459470711,7,0
1459470838,14,0
1459470919,18,0
1459471273,19,0
1459471750,14,0
1459471838,14,0
1459472353,19,0
1459472617,6,0
1459472919,6,0
1459473684,7,0
1459474234,19,0
1459474521,7,0
1459474721,6,0
1459474743,19,0
1459474965,19,0
1459475342,19,0
1459475441,19,0
1459476005,1,0
1459476073,21,1
1459476108,7,0
1459476183,7,1
1459477478,15,0
1459477716,2,0
1459477766,2,1
1459477946,7,0
1459478149,15,0
1459478149,19,0
1459478269,15,0
1459478425,2,0
1459478443,19,0
1459478512,2,0
1459478688,2,0
1459478811,19,0
1459479350,2,0
1459479371,19,0
1459479463,19,0
1459479542,2,0
1459479603,19,0
1459479772,7,0
1459479920,7,0
1459480393,7,0
1459480688,19,0
1459482491,19,0
1459482609,19,0
1459484271,7,0
1459485662,19,0
1459485713,6,0
1459486371,10,0
1459486885,14,1
1459486966,15,0
1459487207,14,0
1459487283,12,0
1459487482,6,0
1459487596,6,0
1459487660,6,0
1459487711,6,0
1459487789,6,0
1459487983,6,0
1459488000,15,0
1459488015,6,0
1459488066,6,0
1459488090,6,0
1459488132,6,0
1459488782,6,0
1459488881,6,0
1459488917,6,0
1459489379,6,0
1459489410,6,0
1459489557,6,0
1459489648,6,0
1459489673,6,0
1459489766,6,0
1459490586,20,1
1459490596,20,1
1459490604,20,1
1459490871,14,1
1459490928,14,0
1459491971,14,0
1459492560,19,0
1459492739,19,0
1459492747,6,0
1459493025,6,0
1459493064,6,0
1459493166,6,0
1459494063,14,1
1459494149,15,0
1459494237,14,0
1459494359,14,0
1459494386,14,0
1459494424,15,0
1459494972,19,0
1459495615,1,0
1459496140,14,0
1459496232,14,0
1459496635,15,0
1459496657,15,0
1459497139,14,0
1459497411,6,0
1459497760,14,1
1459497778,14,0
1459497940,6,0
1459498134,6,0
1459498839,2,0
1459498849,14,0
1459499447,2,0
1459501206,1,0
1459501257,14,1
1459501489,14,0
1459501674,2,0
1459501711,15,0
1459501719,15,0
1459501720,15,0
1459501723,15,0
1459501730,15,0
1459501744,15,0
1459501820,15,1
1459502325,2,0
1459502401,2,0
1459504105,10,0
1459505904,4,0
1459506221,14,0
1459508962,14,0
1459511100,14,0
1459528129,6,0
1459528295,6,0
1459528444,6,0
1459528478,6,0
1459528510,6,0
1459530878,14,0
1459534596,3,0
1459535722,2,0
1459536485,1,0
1459536689,21,0
1459537789,4,1
1459537973,6,0
1459539043,15,0
1459539150,2,0
1459539353,18,1
1459540224,13,1
1459542486,4,0
1459542569,4,0
1459542639,4,0
1459542777,4,0
1459542882,4,0
1459543134,21,0
1459543251,18,0
1459543495,16,1
1459545827,4,0
1459545917,2,0
1459545986,4,0
1459546047,6,0
1459546067,6,0
1459546120,6,0
1459546134,6,0
1459547103,1,0
1459547570,19,0
1459548033,1,0
1459548343,12,1
1459548473,19,0
1459548508,19,0
1459549925,4,0
1459549957,12,1
1459549996,12,0
1459550100,4,0
1459551790,4,1
1459551796,7,0
1459551858,7,0
1459551946,7,0
1459552254,19,0
1459552589,7,0
1459553680,2,0
1459553698,2,0
1459553717,2,0
1459553955,2,0
1459554012,2,0
1459554117,7,0
1459554154,2,0
1459554938,6,0
1459554964,19,0
1459554973,19,0
1459555377,6,0
1459556665,3,0
1459557629,15,0
1459557948,21,0
1459558011,2,0
1459558058,2,0
1459558995,10,0
1459559087,10,0
1459559310,10,0
1459559412,20,1
1459559968,20,1
1459560095,7,0
1459560185,10,0
1459560206,6,0
1459560680,2,0
1459561028,10,0
1459561650,6,0
1459561684,4,0
1459561966,19,0
1459562010,6,0
1459562099,4,0
1459562207,6,0
1459562397,4,0
1459562520,21,0
1459564977,6,0
1459565714,1,0
1459566693,6,0
1459567430,18,0
1459567529,18,0
1459568092,10,0
1459568185,10,0
1459568597,10,0
1459569069,10,1
1459569160,10,0
1459569178,10,0
1459570322,6,0
1459570429,6,0
1459570448,10,0
1459570566,6,0
1459570580,6,0
1459571042,10,0
1459571357,10,0
1459571401,10,0
1459571984,6,0
1459572047,6,0
1459572182,10,0
1459572254,6,0
1459572266,6,0
1459572519,6,0
1459572783,10,0
1459572821,10,0
1459573107,6,0
1459573280,6,0
1459573582,6,0
1459573600,6,0
1459576469,14,0
1459576536,14,1
1459577336,12,0
1459577410,14,0
1459578440,14,1
1459578689,14,0
1459579091,14,0
1459580075,7,0
1459580110,19,0
1459580127,19,0
1459580198,2,0
1459581241,14,0
1459581250,19,0
1459581304,14,1
1459581746,19,0
1459581874,19,0
1459582363,13,0
1459582465,14,0
1459582749,19,0
1459582827,18,0
1459583621,14,0
1459584113,14,0
1459584220,2,0
1459584869,14,0
1459586101,14,0
1459586454,14,0
1459586812,19,0
1459586980,4,0
1459587870,12,0
1459588266,4,0
1459588460,14,1
1459588488,14,0
1459588780,14,0
1459589176,18,0
1459589347,18,0
1459589463,18,0
1459589527,4,0
1459589565,18,0
1459589617,12,1
1459589625,4,0
1459589811,4,0
1459590033,19,0
1459590236,14,0
1459590271,4,0
1459591704,2,0
1459591795,2,0
1459591801,4,0
1459591918,4,0
1459594680,4,0
1459596935,14,0
1459600257,14,0
1459600746,14,0
1459608808,2,0
1459611347,7,1
1459611517,7,0
1459613421,4,0
1459616508,3,1
1459616961,12,1
1459617022,12,0
1459617739,18,0
1459617799,18,0
1459618400,6,0
1459618428,6,0
1459618435,6,1
1459618479,6,0
1459618495,6,0
1459618571,6,0
1459618605,6,0
1459618613,3,0
1459618681,6,0
1459618694,18,0
1459618747,6,0
1459618822,6,0
1459619159,6,0
1459619169,6,0
1459620149,7,0
1459620347,18,0
1459620597,14,0
1459620713,21,0
1459620846,7,0
1459621262,7,0
1459621279,18,0
1459622014,6,0
1459623173,2,0
1459624890,7,1
1459624904,18,0
1459624969,18,0
1459625088,6,0
1459626509,4,0
1459626534,6,0
1459626647,18,0
1459627645,6,0
1459627653,6,0
1459627815,2,0
1459627831,6,0
1459628287,6,0
1459628334,6,1
1459628360,6,0
1459629635,6,0
1459629663,6,0
1459630429,6,0
1459630504,6,0
1459630807,1,0
1459632872,2,0
1459634334,21,0
1459636040,19,0
1459636061,19,0
1459636078,19,0
1459636111,19,1
1459637455,6,0
1459637465,6,0
1459637558,10,0
1459637636,21,0
1459637657,21,0
1459638141,15,0
1459640482,4,0
1459641439,3,0
1459641894,14,0
1459642109,6,1
1459642772,6,0
1459643298,2,0
1459643544,10,0
1459644342,4,0
1459645280,6,0
1459645287,4,0
1459645416,4,0
1459646183,2,0
1459646352,19,0
1459646716,19,0
1459646782,19,0
1459647259,2,0
1459647693,19,0
1459651521,10,0
1459651737,10,0
1459651748,10,0
1459651825,21,0
1459652363,14,0
1459652399,14,0
1459652518,14,0
1459653732,10,0
1459653776,10,0
1459653858,10,0
1459653900,10,0
1459654163,10,0
1459654373,6,0
1459654402,6,0
1459654532,6,0
1459654620,6,0
1459654648,10,0
1459654662,10,0
1459654724,10,0
1459654778,1,0
1459654778,10,0
1459654846,10,1
1459655626,10,0
1459655672,5,1
1459655908,10,0
1459657236,6,0
1459657421,4,0
1459657475,4,0
1459657674,10,0
1459657684,10,0
1459657800,7,0
1459658269,10,0
1459658385,2,0
1459660042,12,1
1459660209,5,0
1459661049,1,0
1459662063,6,0
1459662212,1,0
1459663130,5,0
1459663130,5,0
1459667294,2,0
1459668549,6,0
1459668963,6,0
1459668992,6,0
1459669196,6,0
1459669363,6,0
1459669394,6,0
1459670234,6,0
1459670851,14,1
1459670958,14,0
1459670993,14,0
1459672987,14,0
1459673014,14,0
1459673026,14,0
1459673041,14,0
1459673052,14,0
1459673118,14,0
1459673211,14,0
1459674535,14,0
1459676446,4,0
1459678188,14,0
1459679658,14,0
1459679686,2,0
1459679693,14,0
1459679853,14,0
1459679897,7,0
1459680337,19,0
1459680354,19,0
1459680360,19,0
1459680400,19,0
1459680422,19,0
1459680497,19,0
1459680814,19,0
1459680848,15,0
1459680898,19,0
1459680924,19,0
1459682185,19,0
1459682310,19,0
1459682320,19,0
1459682346,19,0
1459682474,2,0
1459682611,19,0
1459682667,19,0
1459682708,19,0
1459682756,19,0
1459682857,19,0
1459683153,19,0
1459687109,14,0
1459687125,14,0
1459687577,14,0
1459694609,14,0
1459697573,7,0
1459703594,15,0
1459703721,15,0
1459705360,2,0
1459705585,6,0
1459705825,6,0
1459705845,6,0
1459706327,2,0
1459707255,6,0
1459708849,6,0
1459708883,6,0
1459708943,6,0
1459709037,6,0
1459709181,6,0
1459709725,6,0
1459710257,4,0
1459710506,15,0
1459710768,7,0
1459711142,6,0
1459711223,6,0
1459711782,4,0
1459711831,4,0
1459711892,4,0
1459712385,15,0
1459712534,6,0
1459712807,15,0
1459713165,15,0
1459713170,15,0
1459713175,15,0
1459713745,19,0
1459713887,6,0
1459714211,15,0
1459714301,6,0
1459718347,6,0
1459718385,6,0
1459718579,6,0
1459718620,6,0
1459718891,3,0
1459718962,16,0
1459718990,6,0
1459719280,20,0
1459719619,6,0
1459719973,6,0
1459721345,1,0
1459722129,12,0
1459722212,21,0
1459722354,12,0
1459722440,19,0
1459722575,19,0
1459723050,6,0
1459723089,6,0
1459723093,6,1
1459723746,6,0
1459723780,6,0
1459725200,2,0
1459725218,14,0
1459725255,2,0
1459726249,3,0
1459726541,14,0
1459726615,14,0
1459726703,14,0
1459726755,14,0
1459726793,14,0
1459726869,14,0
1459727246,6,0
1459727963,18,0
1459728064,18,0
1459729505,19,0
1459730632,15,0
1459731140,6,0
1459731800,4,1
1459731844,7,0
1459732192,19,0
1459732315,19,0
1459732387,19,0
1459732399,19,0
1459733101,14,0
1459733241,7,0
1459733261,4,0
1459733738,4,1
1459734117,6,1
1459734160,6,1
1459734187,6,1
1459734222,6,0
1459734255,6,0
1459734275,6,0
1459734282,2,1
1459734307,6,0
1459734481,7,0
1459734503,4,1
1459734571,18,0
1459734652,4,0
1459734838,7,0
1459734867,7,0
1459735910,7,0
1459736479,7,1
1459737109,7,0
1459738066,13,0
1459738305,15,0
1459738999,18,0
1459739029,14,0
1459739725,7,0
1459739920,7,0
1459740202,6,0
1459740359,6,0
1459740648,19,0
1459740678,19,0
1459740858,14,0
1459740930,19,0
1459740938,19,0
1459740977,19,0
1459741243,14,0
1459741965,4,0
1459741981,4,0
1459742127,4,0
1459742311,4,0
1459742356,15,0
1459742358,14,0
1459742385,15,0
1459742397,7,0
1459742412,14,0
1459742430,14,0
1459742447,14,0
1459742468,14,0
1459742515,15,0
1459742526,14,0
1459742536,14,0
1459742562,15,0
1459742643,4,0
1459742874,14,0
1459743105,19,0
1459743253,19,0
1459743562,19,0
1459744535,19,0
1459745194,6,0
1459745264,6,0
1459745366,6,1
1459745400,6,1
1459745434,10,0
1459745543,13,0
1459746463,14,0
1459746997,6,0
1459749027,4,0
1459749810,14,0
1459750231,6,0
1459750344,7,0
1459750695,14,1
1459750784,14,0
1459751520,7,0
1459751699,7,0
1459752800,6,1
1459752854,6,1
1459753222,6,0
1459753225,6,0
1459753267,14,0
1459753313,14,1
1459753347,6,0
1459753933,6,0
1459753962,6,0
1459754047,6,0
1459754209,6,1
1459754265,6,0
1459754603,14,0
1459755251,4,0
1459756719,6,0
1459757022,6,0
1459757100,14,0
1459757110,14,1
1459757578,14,0
1459757723,16,0
1459757782,16,0
1459757913,14,0
1459759041,4,0
1459760759,7,0
1459760954,15,0
1459760955,15,0
1459763333,3,0
1459763343,3,0
1459763361,14,0
1459763436,14,0
1459763520,14,1
1459763559,14,0
1459763563,14,0
1459763579,14,0
1459763804,14,0
1459764217,14,0
1459764330,14,0
1459764973,14,0
1459766805,2,0
1459767284,2,0
1459767365,2,0
1459767469,2,0
1459767871,14,0
1459771907,7,0
1459782898,14,0
1459782917,14,0
1459783128,14,0
1459787571,18,0
1459787637,18,0
1459789646,18,0
1459790759,6,0
1459791973,18,0
1459792304,18,0
1459792632,6,0
1459793015,7,0
1459793366,19,0
1459793838,6,0
1459794063,6,0
1459794103,6,0
1459794212,6,0
1459794330,6,0
1459794449,15,0
1459794538,19,0
1459794575,19,0
1459794599,15,0
1459794600,19,0
1459794892,3,0
1459795063,19,1
1459795071,19,0
1459795262,6,0
1459795302,6,0
1459795748,2,0
1459795893,7,0
1459796406,1,0
1459796492,7,0
1459796659,7,0
1459796815,7,0
1459796873,7,0
1459796930,7,0
1459796972,7,0
1459797014,7,0
1459797166,7,0
1459798092,2,0
1459798105,2,0
1459798622,4,0
1459798908,4,0
1459799011,7,0
1459799209,19,0
1459799445,19,0
1459799609,4,0
1459799673,4,0
1459799722,19,0
1459799772,4,0
1459800047,19,0
1459800054,4,0
1459800128,19,0
1459800376,4,0
1459800378,19,0
1459800401,6,1
1459800409,6,0
1459800471,4,0
1459800502,4,0
1459800506,4,0
1459800537,6,0
1459800617,4,0
1459801146,3,0
1459801225,4,0
1459801565,19,0
1459801659,19,0
1459801821,4,0
1459801873,4,0
1459801989,4,0
1459802529,18,0
1459802780,18,0
1459803120,18,0
1459803761,8,0
1459804059,14,0
1459804200,4,0
1459804206,18,0
1459804287,4,0
1459804291,14,0
1459804426,4,0
1459804474,4,0
1459804628,4,1
1459804725,4,0
1459805120,18,0
1459805409,19,0
1459805431,19,0
1459805480,19,0
1459805607,4,0
1459805699,4,0
1459805892,4,0
1459806009,7,0
1459806127,7,0
1459806222,7,0
1459806247,7,0
1459806379,7,0
1459806442,7,0
1459806663,8,0
1459806848,4,0
1459806882,4,0
1459807389,10,0
1459807601,3,0
1459807789,3,0
1459807945,4,0
1459809402,2,0
1459809678,6,0
1459810640,2,0
1459811518,4,0
1459811664,4,0
1459812329,14,0
1459812429,14,0
1459812896,14,0
1459812923,14,0
1459813148,4,0
1459814295,14,1
1459814706,3,0
1459814999,2,0
1459815399,14,0
1459817957,21,0
1459818338,14,1
1459819806,1,0
1459822121,19,0
1459823427,19,0
1459823965,19,0
1459824553,14,0
1459824882,14,0
1459826051,2,0
1459826265,21,0
1459826795,19,0
1459826895,6,0
1459827452,10,0
1459828555,3,0
1459830473,14,0
1459830803,10,0
1459830832,3,0
1459831204,3,0
1459831488,15,0
1459831534,15,0
1459831592,15,0
1459831752,19,0
1459832059,10,0
1459832174,10,0
1459832761,10,0
1459833169,18,0
1459833441,10,0
1459833448,10,0
1459833492,18,0
1459833538,7,0
1459833623,7,0
1459833658,10,0
1459833740,18,0
1459833787,7,0
1459833790,6,1
1459833959,18,0
1459833960,14,0
1459834006,10,0
1459834600,16,0
1459834606,19,0
1459834616,7,0
1459834708,10,0
1459834918,19,0
1459834945,19,0
1459835518,14,0
1459835584,14,0
1459835694,19,0
1459835791,19,0
1459835793,14,0
1459835820,19,0
1459836878,18,0
1459838399,7,0
1459838417,7,0
1459838590,4,0
1459838714,4,0
1459838773,4,0
1459838811,4,0
1459838824,4,0
1459839027,2,0
1459839370,4,0
1459839739,7,0
1459839864,6,0
1459840239,6,0
1459840596,14,0
1459840924,2,0
1459841092,14,0
1459841187,6,0
1459841197,14,0
1459841397,6,0
1459841405,6,0
1459841445,2,0
1459841511,6,0
1459841928,6,0
1459842997,2,0
1459845077,4,0
1459845123,4,0
1459845452,4,0
1459845536,4,0
1459845943,16,0
1459847373,4,0
1459848140,6,0
1459848881,7,0
1459852180,15,0
1459852439,6,0
1459852469,15,0
1459857635,6,0
1459858157,6,0
1459866173,14,0
1459866204,14,1
1459867594,14,0
1459867775,14,0
1459867908,14,0
1459867929,7,0
1459867935,14,0
1459868107,14,0
1459869482,14,0
1459869538,14,0
1459876990,19,0
1459877020,19,0
1459877298,19,0
1459877326,19,0
1459877364,19,0
1459877696,12,0
1459877786,12,0
1459877862,12,0
1459878595,14,0
1459879344,19,0
1459879361,19,0
1459879523,7,0
1459879594,13,0
1459879963,7,0
1459880180,7,0
1459880588,6,0
1459880603,6,0
1459880632,6,0
1459880695,14,0
1459881345,19,0
1459881734,19,0
1459881761,19,0
1459881988,19,0
1459882483,7,0
1459882543,7,0
1459882561,4,0
1459882668,14,0
1459883201,19,0
1459883368,7,0
1459883555,7,0
1459884280,19,0
1459884535,6,0
1459884917,2,0
1459885207,14,0
1459885874,18,0
1459886250,2,0
1459886285,2,0
1459886518,12,0
1459887123,12,0
1459887128,14,0
1459887339,2,0
1459887516,14,0
1459887537,12,1
1459887817,12,0
1459887832,7,0
1459887846,2,0
1459888120,12,0
1459888370,4,0
1459888515,2,0
1459888528,4,0
1459888662,2,0
1459888758,2,0
1459888853,2,0
1459889021,15,0
1459889026,2,0
1459889053,2,0
1459889057,15,0
1459889788,2,0
1459889831,2,0
1459890643,2,0
1459890843,2,0
1459891384,2,0
1459891592,15,0
1459892615,15,0
1459893274,2,0
1459893321,2,0
1459893351,2,0
1459895190,18,0
1459895300,18,0
1459895489,18,0
1459895578,15,0
1459895776,18,0
1459895839,18,0
1459896734,18,0
1459897822,18,0
1459898710,2,0
1459899161,19,0
1459899460,19,0
1459899750,3,0
1459899801,3,0
1459899824,3,0
1459899867,3,0
1459900715,19,0
1459902445,6,0
1459904296,19,0
1459904505,19,0
1459905187,19,0
1459906387,4,0
1459906879,2,0
1459907459,1,0
1459908113,14,0
1459908410,6,0
1459908967,14,0
1459908970,14,0
1459909189,3,0
1459909382,14,0
1459909397,14,0
1459909944,3,0
1459910179,6,0
1459910562,14,0
1459911275,16,0
1459912764,3,0
1459913356,6,0
1459913368,6,0
1459913378,15,0
1459913385,15,0
1459913566,6,0
1459915742,19,0
1459915992,6,0
1459917206,2,0
1459917219,2,0
1459917412,19,0
1459917624,2,0
1459918836,19,0
1459919862,19,0
1459919962,19,0
1459922577,19,0
1459922985,19,0
1459922993,19,0
1459923054,19,0
1459923091,19,0
1459923105,19,0
1459923153,19,0
1459923312,6,0
1459923314,2,0
1459923613,6,0
1459923660,6,0
1459923699,6,0
1459924726,7,0
1459925110,6,0
1459925602,3,0
1459925985,19,0
1459926582,7,0
1459927808,6,0
1459928765,16,0
1459928894,6,0
1459929519,6,0
1459929554,6,0
1459929583,14,1
1459929822,6,0
1459930549,6,0
1459930585,6,0
1459930636,6,0
1459932112,14,0
1459932533,6,0
1459934844,4,0
1459935616,14,0
1459936434,18,0
1459936468,18,0
1459936562,18,0
1459936996,14,0
1459937292,14,0
1459937373,14,0
1459937454,14,0
1459937511,14,0
1459938257,14,0
1459951767,6,0
1459953029,6,0
1459956078,14,0
1459959945,12,0
1459960083,12,0
1459960871,19,0
1459960887,19,0
1459960962,19,0
1459961044,14,0
1459961060,19,0
1459961077,19,0
1459961164,19,0
1459962003,19,0
1459962042,19,0
1459962087,19,0
1459962510,19,0
1459964064,2,0
1459965299,4,0
1459965758,16,0
1459967770,2,0
1459968002,2,0
1459970958,6,0
1459971177,6,1
1459971446,2,0
1459971568,2,0
1459972395,19,0
1459972456,19,0
1459972551,19,0
1459972607,19,0
1459972645,19,0
1459972692,19,0
1459972808,19,0
1459972862,19,0
1459972898,19,0
1459972968,19,0
1459972984,18,0
1459973006,19,0
1459973047,19,0
1459973132,19,0
1459973192,19,0
1459973852,19,0
1459973869,19,0
1459973880,19,0
1459973894,19,0
1459973956,19,0
1459974528,4,0
1459974651,2,0
1459974689,4,0
1459974786,19,0
1459974860,4,0
1459975397,4,0
1459975548,4,0
1459975584,4,0
1459975627,4,0
1459975681,4,0
1459976403,19,0
1459979309,18,0
1459980721,2,1
1459980776,2,0
1459980953,2,0
1459981024,2,0
1459981114,2,0
1459981223,2,0
1459981723,2,0
1459981794,2,0
1459981846,2,0
1459981855,2,0
1459982104,15,0
1459982649,15,0
1459983028,2,0
1459983291,19,1
1459983728,19,0
1459983783,19,0
1459983860,19,0
1459983956,19,0
1459983988,2,0
1459984063,2,0
1459984110,2,0
1459984112,19,0
1459984135,19,0
1459984211,2,0
1459984267,2,0
1459984346,2,0
1459984414,19,0
1459984542,2,0
1459984553,19,0
1459984563,19,0
1459984669,19,0
1459985268,4,0
1459985295,19,0
1459985336,19,0
1459987560,19,0
1459988477,2,0
1459991774,6,0
1459991957,6,0
1459993070,6,0
1459996402,2,0
1459997147,16,0
1459997470,18,0
1459997634,13,0
1459998917,14,0
1459999615,7,0
1460002607,2,0
1460003037,15,0
1460003069,15,0
1460004290,15,0
1460005055,14,0
1460005942,14,0
1460006191,14,0
1460006350,2,0
1460006366,2,0
1460008035,2,0
1460008460,6,0
1460009807,7,0
1460009901,7,0
1460011189,6,0
1460011277,4,0
1460011328,4,0
1460012265,6,0
1460012414,14,0
1460012522,4,0
1460012724,4,0
1460013141,4,0
1460013787,14,0
1460013908,6,0
1460013939,6,0
1460013996,6,0
1460014012,6,0
1460014051,14,0
1460014562,14,0
1460014769,14,0
1460014950,6,0
1460015179,6,0
1460015307,6,0
1460016009,3,1
1460016109,3,0
1460016318,14,0
1460016384,4,0
1460016388,4,0
1460017422,14,0
1460017927,15,0
1460018022,14,0
1460018079,14,0
1460018240,14,0
1460018320,14,0
1460018530,14,0
1460018587,14,0
1460021787,2,0
1460022358,10,0
1460023057,1,0
1460024668,14,0
1460025057,14,0
1460045557,6,0
1460045563,6,0
1460048236,12,0
1460048618,19,0
1460048666,19,0
1460051137,19,0
1460052619,2,0
1460053355,2,0
1460053672,19,0
1460054137,19,0
1460054250,4,0
1460055174,2,0
1460055189,19,0
1460055305,19,0
1460055468,19,0
1460057642,19,0
1460057880,18,0
1460059046,12,0
1460059790,12,0
1460059915,4,0
1460060016,4,0
1460060449,19,0
1460060479,19,0
1460060862,4,0
1460061591,15,0
1460061872,15,0
1460062445,19,0
1460063450,6,0
1460063461,6,0
1460063485,6,0
1460063582,7,0
1460063589,6,0
1460063951,4,0
1460064677,7,0
1460065202,7,0
1460065564,7,0
1460067226,4,0
1460067269,4,0
1460067328,4,0
1460067390,4,0
1460067630,4,0
1460067665,2,0
1460067766,2,0
1460067769,4,0
1460067884,2,0
1460067992,4,0
1460068764,12,0
1460069634,7,0
1460070094,19,0
1460070111,19,0
1460070150,19,0
1460070173,2,0
1460070350,2,0
1460070537,2,0
1460070815,19,0
1460071970,19,0
1460071994,2,0
1460072619,18,0
1460072747,18,0
1460072948,6,0
1460073128,4,0
1460073291,4,0
1460073297,4,0
1460073346,6,0
1460073458,4,0
1460073820,4,0
1460074546,2,0
1460074555,2,0
1460074564,2,0
1460075181,2,0
1460075333,4,0
1460075578,19,0
1460075697,14,0
1460075773,14,0
1460076257,14,0
1460076574,2,0
1460076992,19,0
1460077294,14,0
1460077305,14,0
1460077312,2,0
1460077397,14,0
1460077493,7,0
1460077542,14,0
1460077653,14,0
1460077756,14,0
1460078574,19,0
1460078596,19,0
1460079263,2,0
1460080320,6,0
1460081240,6,0
1460082000,19,0
1460082029,19,0
1460082046,19,0
1460082095,19,0
1460082633,14,0
1460083131,2,0
1460084462,14,0
1460084539,14,0
1460084591,6,0
1460084626,14,0
1460084675,19,0
1460086001,10,0
1460089963,19,0
1460090022,10,0
1460090053,10,0
1460090301,10,0
1460090939,4,0
1460091267,10,0
1460091874,18,0
1460091894,18,0
1460092291,10,0
1460092514,10,0
1460094621,7,0
1460094697,7,0
1460095586,2,0
1460096537,6,0
1460096665,6,0
1460096736,6,0
1460097457,19,0
1460097791,19,0
1460098339,15,0
1460099856,14,0
1460100178,14,0
1460100188,2,0
1460102370,14,0
1460103126,14,0
1460106116,14,0
1460108123,18,0
1460109797,18,0
1460113538,10,0
1460120984,14,0
1460121008,14,0
1460121035,14,0
1460126835,12,0
1460130700,15,0
1460130831,15,0
1460134122,2,0
1460134628,6,0
1460134670,6,0
1460134772,2,0
1460135285,2,0
1460135305,2,0
1460135345,6,0
1460135362,6,0
1460135407,12,0
1460135658,6,0
1460136586,4,0
1460136591,12,0
1460136728,12,0
1460136950,4,0
1460137213,4,0
1460139493,18,0
1460139499,15,0
1460139507,15,0
1460139558,15,0
1460139640,15,0
1460140010,19,0
1460140450,19,0
1460140615,19,0
1460140689,16,0
1460141150,2,0
1460144204,6,0
1460144303,6,0
1460144894,12,0
1460145074,19,0
1460145095,3,0
1460145140,19,0
1460145455,3,0
1460145456,19,0
1460145632,19,0
1460146158,19,0
1460146693,2,0
1460146797,7,0
1460146858,7,0
1460147371,12,0
1460148583,2,0
1460148596,2,0
1460148666,19,0
1460148947,7,0
1460149340,19,0
1460149348,2,0
1460149367,19,0
1460149369,2,0
1460149374,19,0
1460149631,12,0
1460150310,7,0
1460150683,4,0
1460150703,19,0
1460150878,4,0
1460150926,6,0
1460150971,6,0
1460150990,6,0
1460151039,6,0
1460151046,4,0
1460151069,6,0
1460151666,6,0
1460151717,2,0
1460151939,2,0
1460152514,2,0
1460154264,19,0
1460155663,14,0
1460156455,12,0
1460157896,10,0
1460158562,7,0
1460158584,19,0
1460158864,10,0
1460158959,19,0
1460159522,4,0
1460159993,4,0
1460160225,10,0
1460160431,10,0
1460160494,4,0
1460162114,10,0
1460163297,10,0
1460163575,21,1
1460163690,4,1
1460164103,10,0
1460164124,10,0
1460164474,7,0
1460164488,7,0
1460164499,7,0
1460164510,7,1
1460164543,7,0
1460164867,14,0
1460164903,7,0
1460165217,1,0
1460165271,12,0
1460165277,12,0
1460165291,12,0
1460165292,12,1
1460165297,12,0
1460166892,10,0
1460168247,4,0
1460168288,6,0
1460168664,8,1
1460168666,8,0
1460168675,8,0
1460168692,8,0
1460168699,8,0
1460168705,8,0
1460168708,8,0
1460168711,8,1
1460168713,8,0
1460168717,8,0
1460168720,8,0
1460169265,14,0
1460169273,4,0
1460169395,14,0
1460170287,7,0
1460170305,7,0
1460170322,7,0
1460170358,7,1
1460170397,8,0
1460170747,7,0
1460170761,7,0
1460171070,18,0
1460171172,18,0
1460171256,7,0
1460171642,10,0
1460171762,10,0
1460172192,14,0
1460172373,4,0
1460172405,10,0
1460172804,7,0
1460172832,10,0
1460173010,10,1
1460173051,6,0
1460173316,4,0
1460173638,4,0
1460174714,4,0
1460174756,4,0
1460175022,10,0
1460175038,10,0
1460175205,10,0
1460176586,6,0
1460177880,7,0
1460177951,7,0
1460179706,10,0
1460179758,10,0
1460179758,10,0
1460179803,10,0
1460179900,10,0
1460179982,14,0
1460181789,10,0
1460182146,21,0
1460182483,19,0
1460182807,6,0
1460182917,10,0
1460183102,10,0
1460183231,10,0
1460183354,10,0
1460183388,14,0
1460183531,14,0
1460183776,6,0
1460183809,12,0
1460184054,4,0
1460184178,10,0
1460185016,10,0
1460185070,19,0
1460185421,4,0
1460185875,4,0
1460185888,4,0
1460185968,4,0
1460186006,4,0
1460186320,6,0
1460186712,4,0
1460186764,4,0
1460186933,19,0
1460186942,19,0
1460187916,14,0
1460188233,4,0
1460188638,4,0
1460188801,12,0
1460189203,19,0
1460189262,19,0
1460189448,19,0
1460190027,19,0
1460190098,19,0
1460190691,4,0
1460191812,4,0
1460191870,4,0
1460191963,4,0
1460192152,14,0
1460192471,14,0
1460192505,14,0
1460192575,18,0
1460192605,18,0
1460192745,19,0
1460192774,19,0
1460192983,18,0
1460193417,19,0
1460193433,19,0
1460194661,19,0
1460196929,10,0
1460197687,4,0
1460197808,14,0
1460198188,10,0
1460198190,10,0
1460198192,10,0
1460200866,7,0
1460200915,7,0
1460200982,7,0
1460201005,7,0
1460201070,7,0
1460201470,7,0
1460201485,7,0
1460201929,7,0
1460201988,7,0
1460202091,7,0
1460202449,7,0
1460202769,7,0
1460202857,7,0
1460205740,2,0
1460205748,2,0
1460205809,2,0
1460216789,12,0
1460216893,12,0
1460220285,6,0
1460222178,7,0
1460222670,7,0
1460222837,7,0
1460224187,4,0
1460225212,4,0
1460225530,4,0
1460225535,7,0
1460225630,2,0
1460225758,4,0
1460225793,4,0
1460226153,4,0
1460226834,19,0
1460227047,19,0
1460227214,19,0
1460227241,19,0
1460227427,2,0
1460227657,6,0
1460227861,4,0
1460228011,19,0
1460229237,4,0
1460230087,7,0
1460230168,7,0
1460230253,7,0
1460231242,7,0
1460232513,7,0
1460232649,18,0
1460233316,4,0
1460233930,4,0
1460234070,4,0
1460234100,4,0
1460234168,4,0
1460234313,4,0
1460234367,4,0
1460234419,4,0
1460234542,4,0
1460234593,6,0
1460235096,4,0
1460236005,4,0
1460236006,4,0
1460236035,18,0
1460236167,18,0
1460236309,18,0
1460237440,8,0
1460237482,8,0
1460237540,19,0
1460237639,19,0
1460237776,19,0
1460237849,19,0
1460237881,19,0
1460240211,19,0
1460240263,19,0
1460240365,10,0
1460240499,4,0
1460240591,4,0
1460241219,4,0
1460241433,4,0
1460241468,19,0
1460241499,4,0
1460241581,4,0
1460241827,4,0
1460241972,4,0
1460242068,4,0
1460242170,4,0
1460242627,4,0
1460242642,4,0
1460242934,10,0
1460243349,4,0
1460246066,21,0
1460246644,14,0
1460246696,14,0
1460247893,10,0
1460250492,2,0
1460253224,12,0
1460255004,14,0
1460255399,14,0
1460255477,21,0
1460255502,21,0
1460255502,21,0
1460255670,4,0
1460255780,4,0
1460256921,10,0
1460257123,14,0
1460257135,12,0
1460257379,12,0
1460257541,1,0
1460257673,4,0
1460258000,19,0
1460258069,19,0
1460258095,19,0
1460258103,19,0
1460258208,19,0
1460258252,14,0
1460258254,19,0
1460258337,19,0
1460258365,14,0
1460258581,4,0
1460258755,14,0
1460258856,14,0
1460259109,19,0
1460259128,19,0
1460259226,18,0
1460259534,20,0
1460259679,14,0
1460259693,4,0
1460260225,20,0
1460260265,4,0
1460260313,4,0
1460260624,14,0
1460260934,18,0
1460261288,18,0
1460261564,10,0
1460261866,10,0
1460262096,18,0
1460262110,10,0
1460262271,14,0
1460262497,10,0
1460262533,10,0
1460262610,18,0
1460262728,18,0
1460262959,19,0
1460263003,10,0
1460263034,10,0
1460263094,14,0
1460263878,19,0
1460264933,14,0
1460265601,19,0
1460267237,19,0
1460267266,19,0
1460268014,19,0
1460268145,19,0
1460268312,19,0
1460268342,19,0
1460268516,19,0
1460269895,6,0
1460271467,4,0
1460271655,14,0
1460271773,19,0
1460272061,7,0
1460272361,14,0
1460272418,14,0
1460272539,14,0
1460272941,12,0
1460272948,19,0
1460273104,19,0
1460273240,19,0
1460273777,3,0
1460274184,14,0
1460274222,6,0
1460278596,19,0
1460278633,19,0
1460278737,19,0
1460279061,19,0
1460279121,14,0
1460279311,19,0
1460279369,14,0
1460279506,2,0
1460282069,19,0
1460290443,2,0
1460292964,14,0
1460304930,7,0
1460310934,19,0
1460311467,19,0
1460311540,19,0
1460312136,12,0
1460313084,2,0
1460313316,2,0
1460313459,19,0
1460313515,20,0
1460313545,19,0
1460313599,20,0
1460314226,19,0
1460314586,20,0
1460314762,7,0
1460315393,2,0
1460315832,12,0
1460316365,4,0
1460316532,4,0
1460316887,7,0
1460317005,7,0
1460318041,12,0
1460318232,20,0
1460318942,7,0
1460319245,7,0
1460319436,7,0
1460319640,7,0
1460320789,7,0
1460320935,7,0
1460322320,18,0
1460322570,18,0
1460322725,3,0
1460323972,18,0
1460324221,18,0
1460324815,18,0
1460325316,4,0
1460325980,19,0
1460327273,3,0
1460329211,20,0
1460329211,20,0
1460330030,4,0
1460332716,15,0
1460332799,2,0
1460332936,15,0
1460333061,6,0
1460333063,15,0
1460333304,15,0
1460333494,15,0
1460334096,15,0
1460336479,6,0
1460336590,2,0
1460336979,4,0
1460339053,4,0
1460339912,1,0
1460340746,6,0
1460341011,6,0
1460341181,6,0
1460341663,4,0
1460341680,6,0
1460342049,10,0
1460343394,10,0
1460343444,10,0
1460343455,10,0
1460343703,14,0
1460344148,6,0
1460344547,14,0
1460344761,14,0
1460345047,14,0
1460345178,6,0
1460345201,14,0
1460345220,14,0
1460345591,6,0
1460345616,10,0
1460345677,6,0
1460345737,10,0
1460345840,6,0
1460345974,4,0
1460346147,4,0
1460346836,14,0
1460347247,16,0
1460347247,16,0
1460350937,19,0
1460351272,19,0
1460351472,19,0
1460351485,19,0
1460351542,14,0
1460351560,19,0
1460351680,19,0
1460351819,10,0
1460351904,12,0
1460351973,12,0
1460352032,10,0
1460352363,19,0
1460352611,10,0
1460352829,19,0
1460352900,19,0
1460353418,19,0
1460353438,19,0
1460353822,10,0
1460354018,6,0
1460354313,19,0
1460354625,19,0
1460354961,19,0
1460354965,10,0
1460354965,10,0
1460354979,7,0
1460355095,7,0
1460355965,19,0
1460356469,4,0
1460356553,2,0
1460356816,4,0
1460357075,4,0
1460357139,4,0
1460357141,2,0
1460357215,4,0
1460357227,2,0
1460357248,14,0
1460357285,2,0
1460357433,2,0
1460357441,7,0
1460357577,2,0
1460357597,2,0
1460357877,2,0
1460357900,2,0
1460359045,2,0
1460359245,12,0
1460359635,14,0
1460359786,14,0
1460359895,15,0
1460364714,3,0
1460365117,6,0
1460365606,6,0
1460373138,14,0
1460373294,14,0
1460374003,14,0
1460374264,14,0
1460374515,14,0
1460376655,14,0
1460386172,1,0
1460387167,7,0
1460387900,7,0
1460387947,7,0
1460388132,7,0
1460388148,14,0
1460388233,7,0
1460388288,7,0
1460388761,19,0
1460389432,19,0
1460389857,15,0
1460389857,15,0
1460391502,7,0
1460398538,7,0
1460399273,2,0
1460399934,6,0
1460402708,6,0
1460404007,6,0
1460404089,6,0
1460404745,7,0
1460404848,7,0
1460404966,7,0
1460405428,4,0
1460406389,7,0
1460406996,4,0
1460407067,8,0
1460407411,8,0
1460407578,8,0
1460407854,8,0
1460408070,8,0
1460408469,8,0
1460408946,8,0
1460409470,19,0
1460409776,6,0
1460409824,6,0
1460411283,2,0
1460411589,7,0
1460411681,7,0
1460412403,7,0
1460412478,7,0
1460412594,7,0
1460413822,4,0
1460414881,4,0
1460415340,7,0
1460417653,4,0
1460419795,6,0
1460420483,2,0
1460422537,2,0
1460422725,2,0
1460423542,12,0
1460423592,4,0
1460423640,4,0
1460424806,8,0
1460424918,8,0
1460425002,8,0
1460425283,7,0
1460425347,8,0
1460425617,8,0
1460425649,8,0
1460426013,8,0
1460430658,4,0
1460430748,4,0
1460430941,6,0
1460431114,2,0
1460433494,2,0
1460433530,2,0
1460436004,18,0
1460436112,14,0
1460436138,14,0
1460436602,2,0
1460436640,2,0
1460436734,2,0
1460436811,2,0
1460439089,4,0
1460440889,14,0
1460441273,19,0
1460442145,12,0
1460444068,2,0
1460444247,14,0
1460444538,2,0
1460444618,2,0
1460444744,2,0
1460445492,2,0
1460446934,6,0
1460447024,6,0
1460448009,12,0
1460466930,14,0
1460467015,14,0
1460468102,14,0
1460473282,7,0
1460473531,7,0
1460474746,7,0
1460475265,7,0
1460476113,7,0
1460479336,12,0
1460481566,2,0
1460481770,7,0
1460481945,7,0
1460483297,2,0
1460483480,12,0
1460483814,19,0
1460484129,2,0
1460484245,7,0
1460485112,4,0
1460485462,19,0
1460485975,7,0
1460486293,4,0
1460486424,7,0
1460486706,19,0
1460487789,18,0
1460488944,18,0
1460488973,2,0
1460489199,2,0
1460489376,2,0
1460489417,2,0
1460489646,2,0
1460490056,2,0
1460490123,2,0
1460490312,2,0
1460490353,2,0
1460490406,4,0
1460490785,4,0
1460490797,4,0
1460491054,4,0
1460491129,2,0
1460491145,2,0
1460491171,2,0
1460491496,7,0
1460491762,2,0
1460492156,6,0
1460492245,6,0
1460492278,6,0
1460492298,6,0
1460492353,18,0
1460492451,4,0
1460492481,4,0
1460492690,4,0
1460492779,4,0
1460492845,4,0
1460492984,4,0
1460493006,4,0
1460493051,4,0
1460493092,4,0
1460493127,12,0
1460493173,4,0
1460493214,12,0
1460493214,12,0
1460493215,4,0
1460493282,4,0
1460493682,4,0
1460493716,4,0
1460493747,4,0
1460493779,4,0
1460493930,13,0
1460493930,13,0
1460497032,4,0
1460497302,4,0
1460497334,4,0
1460497373,4,0
1460497455,4,0
1460497780,4,0
1460497809,4,0
1460497899,4,0
1460497933,4,0
1460497956,4,0
1460498046,4,0
1460498105,6,0
1460498136,4,0
1460498152,6,0
1460498166,4,0
1460498181,4,0
1460498188,4,0
1460498303,4,0
1460498315,4,0
1460498351,4,0
1460498354,4,0
1460498386,4,0
1460498438,4,0
1460498471,4,0
1460498521,4,0
1460498598,4,0
1460498717,4,0
1460498956,4,0
1460498976,4,0
1460499021,4,0
1460499096,4,0
1460499236,4,0
1460499304,4,0
1460499414,7,0
1460499542,4,0
1460499689,4,0
1460500837,2,0
1460500854,2,0
1460501235,2,0
1460505434,4,0
1460505484,8,0
1460505484,8,0
1460508723,19,0
1460509088,2,0
1460509856,3,0
1460509856,3,0
1460512372,6,0
1460512986,19,0
1460512997,4,0
1460513269,4,0
1460513877,19,0
1460516771,4,0
1460516772,14,0
1460516865,4,0
1460517025,4,0
1460517329,19,0
1460517341,19,0
1460517358,19,0
1460517366,14,0
1460517376,19,0
1460517393,19,0
1460517403,19,0
1460517437,14,0
1460517545,14,0
1460517805,19,0
1460517810,19,0
1460517875,19,0
1460518234,19,0
1460518362,2,0
1460519162,6,0
1460519230,19,0
1460519694,7,0
1460519785,18,0
1460519805,7,0
1460519979,7,0
1460519982,18,0
1460519982,18,0
1460520128,7,0
1460520472,7,0
1460521125,6,0
1460521885,6,0
1460521925,6,0
1460521941,4,0
1460522258,6,0
1460522332,7,0
1460522377,6,0
1460523075,6,0
1460523517,6,0
1460523528,6,0
1460523881,6,0
1460524086,6,0
1460524323,19,0
1460524323,19,0
1460524760,7,0
1460524861,7,0
1460524970,2,0
1460524993,2,0
1460524993,2,0
1460525287,7,0
1460527325,4,0
1460527343,4,0
1460527343,4,0
1460529634,7,0
1460529634,7,0
1460530461,6,0
1460531271,6,0
1460531271,6,0
1460531833,14,0
1460533128,14,0
1460533128,14,0
