1450001139,4,0
1450001492,4,0
1450002739,24,0
1450003211,7,0
1450003318,7,0
1450003389,7,0
1450003516,7,0
1450003610,7,0
1450003966,7,0
1450004091,7,0
1450004175,7,0
1450004219,7,0
1450004331,7,0
1450007320,43,0
1450007637,4,0
1450010705,43,0
1450023094,21,0
1450023162,21,0
1450023223,21,0
1450029142,21,0
1450029327,21,0
1450031739,13,0
1450037845,37,0
1450038800,48,0
1450042100,19,0
1450042784,38,0
1450043367,43,0
1450043701,25,0
1450043808,43,0
1450043868,43,0
1450045357,43,0
1450045713,35,0
1450046181,38,0
1450046393,21,0
1450046469,7,0
1450046513,31,0
1450046604,7,0
1450047750,4,0
1450048311,31,0
1450048718,43,0
1450049386,40,0
1450049899,21,0
1450050829,40,0
1450052130,48,0
1450052805,35,0
1450052923,40,0
1450053984,43,0
1450054241,36,0
1450054349,40,0
1450054705,43,0
1450054882,40,0
1450054976,14,0
1450055343,43,0
1450056165,40,0
1450056189,43,0
1450057138,40,0
1450057271,43,0
1450058163,43,0
1450058462,43,0
1450058542,12,0
1450058597,34,0
1450058648,43,0
1450058843,34,0
1450059005,40,0
1450059328,40,0
1450059383,40,0
1450059465,40,0
1450059700,40,0
1450059733,40,0
1450059942,43,0
1450060210,40,0
1450060313,40,0
1450060784,18,0
1450061727,34,0
1450062633,35,1
1450062898,24,0
1450062953,43,0
1450063115,43,0
1450063627,28,0
1450063945,38,0
1450064188,38,0
1450064245,38,0
1450064359,38,0
1450064413,38,0
1450064475,38,0
1450064547,38,0
1450064616,38,0
1450064657,38,0
1450064751,34,0
1450064952,38,0
1450065007,38,0
1450065028,38,0
1450065116,38,0
1450065200,38,0
1450065569,31,0
1450065615,43,0
1450065619,34,0
1450065625,38,0
1450065657,38,0
1450066092,38,0
1450066161,38,0
1450066171,43,0
1450066269,38,0
1450066337,38,0
1450066397,38,0
1450066438,38,0
1450066502,38,0
1450066564,38,0
1450066607,38,0
1450066653,38,0
1450066684,38,0
1450066783,38,0
1450066823,38,0
1450066966,43,0
1450066972,38,0
1450067038,34,0
1450067069,38,0
1450067215,38,0
1450067273,38,0
1450067476,38,0
1450068658,43,0
1450068729,12,0
1450069695,12,0
1450070401,34,0
1450070775,2,0
1450070785,2,0
1450071493,43,0
1450071585,40,0
1450072188,43,0
1450073515,12,0
1450073688,40,0
1450074984,43,0
1450075538,43,0
1450076201,7,0
1450076653,31,0
1450076688,7,0
1450076790,31,0
1450076993,31,0
1450078079,31,0
1450078234,31,0
1450079413,33,0
1450080488,50,0
1450080956,50,0
1450084070,18,0
1450085825,35,0
1450086002,43,0
1450086814,43,0
1450089674,40,0
1450089848,40,0
1450106030,24,0
1450112561,38,0
1450113653,24,0
1450117743,43,0
1450119191,43,0
1450119858,24,0
1450121335,9,0
1450122011,13,0
1450122099,14,0
1450122114,14,0
1450122200,43,0
1450123013,14,0
1450123319,46,0
1450123561,13,0
1450124229,46,0
1450124239,46,0
1450124284,46,0
1450124288,46,0
1450124294,46,0
1450124298,46,0
1450124311,46,0
1450124317,46,0
1450124429,14,0
1450124471,46,0
1450124478,46,0
1450124526,46,0
1450125136,24,0
1450125448,46,0
1450126444,13,0
1450126537,13,0
1450128580,13,0
1450129006,13,0
1450130208,46,0
1450131797,43,0
1450134493,28,0
1450135129,30,0
1450135413,30,0
1450135540,31,0
1450135801,31,0
1450135891,31,0
1450136104,31,0
1450136278,31,0
1450136726,28,0
1450136735,28,0
1450138291,12,0
1450139150,45,0
1450139161,45,0
1450139172,45,0
1450139402,18,0
1450139412,18,0
1450139879,43,0
1450140480,43,0
1450142061,2,0
1450143280,31,0
1450143398,24,0
1450143436,31,0
1450143575,13,0
1450143906,4,0
1450144024,43,0
1450144045,24,0
1450144690,4,0
1450144693,13,0
1450144886,1,0
1450145371,13,0
1450146059,24,0
1450146159,38,0
1450146377,2,0
1450147899,50,0
1450148087,1,0
1450148828,13,0
1450151474,24,0
1450151800,40,0
1450152432,40,0
1450152666,38,0
1450152780,38,0
1450153013,38,0
1450153181,16,0
1450153228,38,0
1450153436,43,0
1450153437,31,0
1450153449,31,0
1450153525,43,0
1450153600,31,0
1450153647,36,0
1450154617,31,0
1450154757,31,0
1450154910,31,0
1450154945,4,0
1450155177,43,0
1450155418,43,0
1450156527,30,0
1450156596,2,0
1450157641,43,0
1450157838,4,0
1450157953,43,0
1450158012,38,0
1450158028,38,0
1450158889,38,0
1450159217,43,0
1450159706,24,0
1450162220,38,0
1450162292,38,0
1450162381,38,0
1450162431,38,0
1450163456,38,0
1450164153,30,0
1450164762,30,0
1450164791,40,0
1450164899,38,0
1450164994,43,0
1450166404,5,0
1450166729,5,0
1450166806,43,0
1450166915,5,0
1450167082,31,0
1450167217,5,0
1450167365,31,0
1450167402,5,0
1450167573,31,0
1450167633,14,0
1450168003,43,0
1450168400,43,0
1450168597,38,0
1450168705,38,0
1450168743,24,0
1450169865,43,0
1450170367,13,0
1450170401,7,0
1450171188,38,0
1450171204,18,0
1450171318,7,0
1450171659,7,0
1450171686,7,0
1450171801,7,0
1450171993,14,0
1450172044,43,0
1450172244,7,0
1450172885,7,0
1450172937,7,0
1450173054,7,0
1450173781,7,0
1450174312,12,0
1450175738,19,0
1450175861,19,0
1450176711,19,0
1450178960,43,0
1450201019,2,0
1450203842,48,0
1450203966,43,0
1450204092,43,0
1450208599,43,0
1450209052,28,0
1450210658,35,0
1450210771,28,0
1450210834,28,0
1450211015,28,0
1450211217,28,0
1450211287,43,0
1450211499,12,0
1450211565,43,0
1450212291,25,0
1450213588,43,0
1450215560,5,0
1450217384,28,0
1450217712,46,0
1450218391,11,0
1450218488,40,0
1450219116,50,0
1450219600,25,0
1450219976,28,0
1450220102,1,0
1450220585,43,0
1450221006,43,0
1450223028,14,0
1450223230,48,0
1450223611,43,0
1450223875,43,0
1450223993,43,0
1450225385,24,0
1450225666,43,0
1450226867,30,0
1450226920,46,0
1450226924,46,0
1450226929,46,0
1450228047,24,0
1450228420,46,0
1450228461,13,0
1450228481,46,0
1450228586,43,0
1450228910,43,0
1450229671,30,0
1450229784,30,0
1450231074,24,0
1450231418,38,0
1450231658,25,0
1450232162,30,0
1450232804,43,0
1450232945,13,0
1450234282,31,0
1450234624,43,0
1450235178,28,0
1450235422,5,0
1450235573,5,1
1450235582,5,0
1450236038,38,0
1450236038,38,0
1450236140,2,0
1450236157,38,0
1450236573,13,0
1450236745,38,0
1450236986,38,0
1450237162,38,0
1450237200,38,0
1450237843,43,0
1450237998,31,0
1450238452,38,0
1450238717,18,0
1450239007,14,0
1450240851,43,0
1450240896,30,0
1450240927,19,0
1450241840,19,0
1450241969,30,0
1450242256,7,0
1450242541,7,0
1450243075,43,0
1450243402,30,0
1450243406,30,0
1450243447,25,0
1450243497,7,0
1450243834,43,0
1450244020,43,0
1450244099,40,0
1450244866,43,0
1450244968,43,0
1450245262,43,0
1450245664,25,0
1450247697,43,0
1450247903,33,0
1450248262,33,0
1450248833,43,0
1450249066,43,0
1450249359,43,0
1450250346,43,0
1450250667,35,0
1450250847,43,0
1450251587,43,0
1450253046,43,0
1450253229,33,0
1450253514,12,0
1450255405,43,0
1450255518,43,0
1450255657,43,0
1450255996,38,0
1450256045,6,0
1450256106,6,0
1450256255,35,0
1450256658,12,0
1450257028,7,0
1450258823,13,0
1450259573,24,0
1450259870,43,0
1450262749,43,0
1450264703,12,0
1450267152,6,0
1450267744,12,0
1450270025,43,0
1450282128,33,0
1450286291,43,0
1450286695,2,0
1450286798,2,0
1450286971,2,0
1450287053,2,0
1450290188,38,0
1450290560,50,0
1450291353,38,0
1450292800,34,0
1450293155,19,0
1450294095,38,0
1450294492,15,0
1450294526,43,0
1450294710,43,0
1450294828,24,0
1450294936,38,0
1450295167,38,0
1450297471,38,0
1450298153,43,0
1450300424,38,0
1450301475,43,0
1450301693,43,0
1450304323,14,0
1450304449,43,0
1450304549,33,0
1450305159,2,0
1450305184,2,0
1450305819,43,0
1450307714,38,0
1450307842,14,0
1450308296,40,0
1450308330,24,0
1450309256,43,0
1450311090,35,0
1450312333,40,0
1450312640,2,0
1450312943,43,0
1450313953,43,0
1450314425,2,0
1450314509,2,0
1450315342,43,0
1450315354,1,0
1450315831,24,0
1450316017,45,1
1450316659,30,0
1450316882,38,0
1450316903,38,0
1450316961,38,0
1450317345,30,0
1450317685,38,0
1450317846,12,0
1450317852,43,0
1450318148,38,0
1450318696,18,0
1450318902,30,0
1450319320,11,0
1450319389,11,0
1450321097,38,0
1450322388,43,0
1450323146,46,0
1450323150,46,0
1450323153,46,0
1450323156,46,0
1450323254,43,0
1450324664,13,0
1450325084,30,0
1450325358,43,0
1450326066,43,0
1450326727,43,0
1450327000,21,0
1450327605,40,0
1450329131,43,0
1450329152,24,0
1450330000,7,0
1450330387,7,0
1450330627,7,0
1450331050,7,0
1450331055,31,0
1450331919,43,0
1450334470,5,0
1450334537,5,0
1450334548,5,0
1450334555,5,0
1450334567,5,1
1450334581,5,0
1450334590,5,0
1450334620,5,0
1450334632,5,1
1450334654,38,0
1450334680,2,0
1450334741,2,0
1450334977,38,0
1450335403,43,0
1450336952,44,0
1450337297,43,0
1450338563,48,0
1450338623,31,0
1450340985,33,0
1450341283,38,0
1450341483,14,0
1450341630,24,0
1450341936,30,0
1450344998,48,0
1450345425,7,0
1450345731,7,0
1450345922,19,0
1450346010,28,0
1450346033,19,0
1450346263,19,0
1450346281,28,0
1450346730,30,0
1450349211,43,0
1450371474,36,0
1450374274,2,0
1450374391,31,0
1450374847,2,0
1450377847,30,0
1450378765,43,0
1450384209,48,0
1450384857,24,0
1450386536,43,0
1450388557,24,0
1450388612,40,0
1450389497,43,0
1450390218,24,0
1450390414,24,0
1450391412,25,0
1450392069,43,0
1450392710,46,0
1450393541,24,0
1450393719,43,0
1450395216,11,0
1450395232,11,0
1450396134,38,0
1450396775,38,0
1450396779,43,0
1450396815,43,0
1450398325,13,0
1450398483,38,0
1450398498,25,0
1450398674,7,0
1450400242,43,0
1450400247,31,0
1450400342,43,0
1450400354,31,0
1450400706,30,0
1450400759,31,0
1450400796,30,0
1450400822,31,0
1450400914,38,0
1450400969,30,0
1450401274,34,0
1450401281,31,0
1450401283,43,0
1450401433,34,0
1450401800,43,0
1450402208,37,0
1450402800,34,0
1450402800,34,0
1450402802,34,0
1450403238,34,0
1450403322,43,0
1450403660,34,0
1450403975,34,0
1450404216,7,0
1450404236,7,0
1450404308,7,0
1450404422,1,0
1450404614,38,0
1450404831,34,0
1450405053,50,0
1450405260,14,0
1450405504,43,0
1450406096,50,1
1450406234,14,0
1450406511,19,0
1450406602,5,0
1450406683,5,0
1450406876,38,0
1450406970,5,0
1450407664,14,0
1450407673,31,0
1450407756,30,0
1450407979,46,0
1450408037,38,0
1450408517,46,0
1450408531,38,0
1450408545,46,0
1450409016,46,0
1450409113,46,0
1450409139,43,0
1450410054,35,1
1450410099,21,0
1450410335,21,0
1450411217,34,0
1450411242,34,0
1450411345,34,0
1450411384,34,0
1450411492,43,0
1450413202,31,0
1450413356,11,0
1450413485,31,0
1450414840,4,0
1450415034,43,0
1450415954,24,0
1450416160,43,0
1450416487,18,0
1450417707,43,0
1450418695,43,0
1450421850,28,0
1450422072,43,0
1450422430,7,0
1450422455,7,0
1450424287,2,0
1450424588,2,0
1450424767,2,0
1450424896,43,0
1450424954,2,0
1450424998,19,0
1450425055,14,0
1450425095,7,0
1450425130,7,0
1450425605,19,0
1450425874,19,0
1450429537,12,0
1450429755,24,0
1450431726,38,0
1450432346,24,0
1450433775,7,0
1450433785,7,0
1450434291,43,0
1450435505,43,0
1450447145,6,0
1450448903,33,0
1450448976,33,0
1450449613,33,0
1450452160,21,0
1450453042,21,0
1450455907,21,0
1450460650,43,0
1450460779,2,0
1450463789,38,0
1450464083,21,0
1450465032,24,0
1450467109,38,0
1450467521,48,0
1450468322,38,0
1450468491,2,0
1450468644,2,0
1450471453,35,0
1450472029,28,0
1450472702,14,0
1450474947,40,0
1450475972,35,0
1450476532,43,0
1450476570,35,0
1450477793,35,0
1450478623,38,0
1450479704,11,0
1450479778,4,0
1450479938,4,0
1450480274,21,0
1450480299,31,0
1450480395,31,0
1450480440,31,0
1450480494,31,0
1450480624,31,0
1450481269,22,0
1450481581,43,0
1450481824,11,0
1450482378,11,0
1450482922,5,0
1450482971,31,0
1450482972,5,0
1450482982,31,0
1450482983,5,0
1450483054,5,1
1450483517,43,0
1450483590,5,0
1450483599,5,0
1450484604,40,0
1450485204,13,0
1450486106,45,0
1450486146,45,0
1450486153,45,0
1450486177,45,0
1450486186,30,0
1450486190,45,0
1450486336,30,0
1450486431,43,0
1450486529,43,0
1450486629,14,0
1450486635,30,0
1450486798,43,0
1450487735,30,0
1450487929,9,0
1450488005,9,0
1450488061,30,0
1450488078,9,0
1450488086,9,0
1450488108,9,0
1450488174,9,0
1450488207,9,0
1450488230,9,0
1450488346,9,0
1450489715,24,0
1450490825,48,0
1450491452,36,0
1450491821,24,0
1450491836,43,0
1450492721,43,0
1450492805,24,0
1450492876,5,0
1450492887,5,0
1450492943,24,0
1450493085,5,0
1450493357,24,0
1450494045,24,0
1450494976,38,0
1450495003,30,0
1450495396,38,0
1450495576,24,0
1450495678,38,0
1450495719,24,0
1450495933,43,0
1450495972,24,0
1450496124,38,0
1450496155,24,1
1450496230,28,0
1450497156,43,0
1450497320,24,0
1450497331,50,0
1450497334,38,0
1450497603,24,0
1450497695,24,0
1450498093,38,0
1450498108,30,0
1450498400,24,0
1450498673,24,0
1450498787,24,0
1450498851,24,0
1450499131,38,0
1450499571,30,0
1450499679,38,0
1450499731,38,0
1450499756,38,0
1450499837,38,0
1450500029,43,0
1450500068,24,0
1450500232,38,0
1450500518,38,0
1450501891,43,0
1450501980,4,0
1450502033,38,0
1450502057,38,0
1450502102,4,0
1450502223,7,0
1450502456,38,0
1450502852,4,0
1450503080,12,0
1450503256,38,0
1450503491,7,0
1450504238,7,0
1450504396,38,0
1450504629,19,0
1450505374,7,0
1450506185,14,0
1450507656,5,0
1450507922,45,0
1450508229,43,0
1450509889,25,0
1450510562,18,0
1450511091,7,0
1450511121,7,0
1450512279,43,0
1450512328,43,0
1450513647,24,0
1450513709,50,0
1450513719,50,1
1450514056,14,0
1450514221,50,0
1450514240,50,0
1450514313,4,0
1450514335,50,0
1450514393,50,0
1450514422,50,0
1450514480,50,0
1450514577,50,0
1450514711,12,0
1450515010,50,0
1450515020,50,0
1450515125,12,0
1450515193,33,0
1450516201,38,0
1450517096,19,0
1450517446,18,0
1450518029,43,0
1450519564,24,0
1450520719,33,0
1450521062,33,0
1450523453,18,0
1450525270,30,0
1450536124,21,0
1450544805,21,0
1450545622,43,0
1450550351,36,0
1450550357,21,0
1450553915,35,0
1450554270,12,0
1450554460,13,0
1450554955,31,0
1450555503,35,0
1450555537,12,0
1450555673,12,0
1450556125,22,0
1450556480,19,0
1450556947,24,0
1450557676,13,0
1450562881,43,0
1450563223,5,0
1450563416,5,0
1450564864,38,0
1450565724,38,0
1450566515,25,0
1450566577,38,0
1450567206,4,0
1450567430,4,0
1450568556,43,0
1450568670,25,0
1450569719,43,0
1450570334,2,0
1450570527,35,0
1450570766,40,0
1450571860,21,0
1450572096,43,0
1450572859,12,0
1450573957,31,0
1450574144,43,0
1450574528,24,0
1450575090,31,0
1450575130,38,0
1450575153,31,0
1450575341,31,0
1450576411,43,0
1450577504,48,0
1450577910,43,0
1450578162,48,0
1450578910,4,0
1450579005,4,0
1450579329,19,0
1450579920,30,0
1450580017,30,0
1450580327,43,0
1450581881,2,0
1450582179,43,0
1450582303,48,0
1450582312,48,0
1450582313,48,0
1450582322,43,0
1450582783,4,0
1450583922,4,0
1450584559,43,0
1450585909,43,0
1450585984,28,0
1450586137,28,0
1450586324,48,0
1450586390,43,0
1450587028,12,0
1450588037,43,0
1450588740,4,0
1450589136,4,0
1450589269,1,0
1450589312,10,1
1450589764,24,0
1450589908,40,0
1450589919,40,0
1450589984,40,1
1450590009,40,0
1450590236,40,0
1450590443,40,0
1450590856,43,0
1450590972,48,0
1450590977,48,0
1450591030,48,0
1450591560,43,0
1450591868,43,0
1450592794,43,0
1450592894,19,0
1450593048,4,0
1450593097,22,0
1450593157,22,0
1450593204,22,1
1450593365,22,0
1450593392,36,1
1450593392,36,1
1450593432,19,0
1450593462,19,0
1450593575,19,0
1450593896,43,0
1450593939,19,0
1450594018,19,0
1450594034,19,0
1450594115,19,0
1450594361,19,0
1450594438,19,0
1450594489,19,0
1450594696,19,0
1450594845,25,0
1450595008,43,0
1450595018,19,0
1450595587,43,0
1450596032,43,0
1450597419,7,0
1450597770,7,0
1450597785,7,0
1450597809,7,0
1450597875,7,0
1450597888,7,0
1450598078,7,0
1450598120,7,0
1450598138,7,1
1450598263,7,0
1450598289,7,0
1450598311,7,0
1450598405,7,0
1450598480,7,0
1450598503,7,0
1450599300,12,0
1450600372,43,0
1450601084,42,1
1450601615,25,0
1450602375,50,0
1450602387,50,0
1450603362,43,0
1450604685,35,1
1450607385,18,0
1450607959,12,0
1450612472,16,1
1450613562,43,0
1450616425,12,0
1450617456,43,0
1450626684,33,0
1450626776,33,0
1450627137,33,0
1450628848,21,0
1450630409,21,0
1450631152,21,0
1450639482,14,0
1450640349,43,0
1450642299,30,0
1450644149,38,0
1450644295,38,0
1450644488,38,0
1450646037,40,0
1450648046,43,0
1450650839,7,0
1450651287,7,0
1450651660,7,0
1450651876,7,0
1450652103,7,0
1450652162,4,0
1450652326,48,0
1450652706,43,0
1450652821,25,0
1450653467,43,0
1450654748,35,0
1450655228,43,0
1450655525,7,0
1450655579,19,0
1450655846,4,0
1450656003,43,0
1450656727,43,0
1450656774,19,0
1450659631,40,0
1450660615,40,0
1450661386,43,0
1450661418,40,0
1450661476,25,0
1450662019,43,0
1450662292,43,0
1450662420,43,0
1450663174,24,0
1450663284,40,0
1450663609,12,0
1450663621,12,0
1450663652,2,0
1450663924,43,0
1450664115,43,0
1450664215,40,0
1450664308,19,0
1450664414,43,0
1450664476,43,0
1450664661,19,0
1450665526,40,0
1450665597,50,0
1450665795,50,0
1450666511,50,0
1450667229,4,0
1450668019,43,0
1450668096,4,0
1450668117,4,0
1450668326,4,0
1450668413,4,0
1450668767,4,0
1450669298,4,0
1450669321,48,0
1450669328,48,0
1450669926,25,0
1450672048,43,0
1450672226,44,0
1450672743,43,0
1450674789,43,0
1450675531,33,0
1450675606,38,0
1450675692,33,0
1450676442,43,0
1450678693,4,0
1450679142,43,0
1450680650,40,0
1450680883,12,0
1450680953,14,0
1450681131,43,0
1450681460,4,0
1450681929,30,0
1450681979,43,0
1450682900,43,0
1450684083,43,0
1450684462,19,0
1450686875,19,0
1450688143,7,0
1450689433,40,0
1450689906,40,0
1450690310,31,0
1450690342,11,0
1450690666,31,0
1450693737,43,0
1450696154,16,0
1450696159,16,0
1450698820,12,0
1450725839,13,0
1450727615,24,0
1450732105,50,0
1450732301,13,0
1450732311,50,0
1450732497,13,0
1450732830,50,0
1450732854,38,0
1450733976,43,0
1450734267,13,0
1450735431,25,0
1450735896,24,0
1450736545,25,0
1450736774,35,0
1450737340,25,0
1450737551,43,0
1450738624,40,0
1450739030,31,0
1450740010,18,0
1450740983,24,0
1450742464,30,0
1450743345,30,0
1450743564,43,0
1450745132,43,0
1450745685,13,0
1450745703,21,0
1450746190,13,0
1450746394,2,0
1450746406,2,0
1450746777,24,0
1450747028,21,0
1450747164,43,0
1450747720,31,0
1450747742,31,0
1450747944,40,0
1450748892,24,0
1450749970,18,0
1450750293,40,0
1450750343,40,0
1450750572,40,0
1450750677,43,0
1450751283,7,0
1450751331,40,0
1450751457,7,0
1450751568,7,0
1450752982,43,0
1450753294,43,0
1450753359,30,0
1450753889,30,0
1450754209,31,0
1450755033,43,0
1450755876,38,0
1450755917,30,0
1450756039,2,1
1450756103,18,0
1450756502,24,0
1450756659,43,0
1450757040,3,0
1450757140,43,0
1450757949,43,0
1450759142,31,0
1450759342,19,0
1450760523,25,0
1450761718,43,0
1450762601,4,0
1450762942,4,0
1450763102,30,0
1450763926,14,0
1450763944,14,0
1450764804,19,0
1450765056,7,0
1450765356,19,0
1450766723,24,0
1450766766,31,0
1450767209,43,0
1450767570,2,0
1450767626,2,0
1450768092,43,0
1450772523,4,0
1450773394,7,0
1450773526,4,0
1450774511,33,0
1450774866,24,0
1450774930,43,0
1450775791,18,0
1450775962,18,0
1450777396,43,0
1450778773,24,0
1450782447,18,0
1450783709,43,0
1450802686,34,0
1450805995,38,0
1450806286,16,0
1450806295,16,0
1450806306,16,0
1450809567,38,0
1450809657,30,0
1450809816,43,0
1450811584,9,0
1450811615,9,0
1450811699,14,0
1450812014,13,0
1450812030,43,0
1450812256,9,0
1450812335,9,0
1450814330,43,0
1450814736,24,0
1450816133,48,0
1450816153,48,0
1450816193,48,0
1450816229,48,0
1450816285,48,0
1450816405,35,0
1450816875,43,0
1450817356,14,0
1450817498,12,0
1450818231,31,0
1450818321,31,0
1450818654,31,0
1450819055,38,0
1450819669,31,0
1450819695,13,0
1450820325,28,0
1450820546,48,0
1450821396,30,0
1450821691,31,0
1450821793,31,0
1450822378,24,0
1450822524,43,0
1450824259,19,0
1450824392,37,0
1450825046,19,0
1450825326,19,0
1450825531,43,0
1450827877,30,0
1450827973,9,0
1450829577,38,0
1450830822,38,0
1450830874,38,0
1450831192,43,0
1450831355,38,0
1450831479,34,0
1450831539,34,0
1450831587,34,0
1450831708,34,0
1450832885,2,0
1450832944,43,0
1450833898,13,0
1450834361,30,0
1450835015,24,0
1450836342,43,0
1450836488,18,0
1450837009,30,0
1450837186,30,0
1450837419,24,0
1450837509,24,0
1450838746,43,0
1450839194,43,0
1450839286,13,0
1450839323,13,0
1450839536,19,0
1450839722,30,0
1450840851,31,0
1450841374,43,0
1450841421,2,0
1450841443,43,0
1450841859,38,0
1450841862,38,0
1450842003,38,0
1450842037,43,0
1450842246,24,0
1450842363,19,1
1450842413,38,0
1450842538,30,0
1450843567,12,0
1450845668,43,0
1450846179,31,0
1450846518,18,0
1450848061,7,0
1450848125,7,0
1450848299,7,0
1450848411,12,0
1450848527,24,0
1450848583,43,0
1450850080,38,0
1450850131,24,0
1450850203,38,0
1450851433,43,0
1450852097,38,0
1450852263,13,0
1450852889,33,0
1450852994,33,0
1450853139,33,0
1450853659,30,0
1450853960,13,0
1450854513,4,0
1450854928,30,0
1450855149,30,0
1450856884,14,0
1450858276,40,0
1450859613,48,0
1450859711,43,0
1450859821,24,0
1450859947,18,0
1450860077,18,0
1450860567,43,0
1450861598,30,0
1450861888,40,0
1450861948,40,0
1450861961,40,0
1450862050,12,0
1450863760,43,0
1450864779,13,0
1450865904,21,0
1450866412,43,0
1450868371,18,0
1450868736,12,0
1450869206,43,0
1450872935,12,0
1450882923,6,0
1450883289,6,0
1450885865,34,0
1450885920,34,0
1450887106,34,0
1450889325,34,0
1450890717,30,0
1450891194,30,0
1450893244,30,0
1450893944,43,0
1450896664,30,0
1450898986,30,0
1450899629,43,0
1450899910,30,0
1450900265,30,0
1450900541,12,0
1450900897,30,0
1450900992,14,0
1450901509,30,0
1450901890,13,0
1450901952,24,0
1450902205,13,0
1450902975,30,0
1450904322,30,0
1450905003,40,0
1450905010,51,0
1450905429,18,0
1450905438,12,0
1450906172,24,0
1450906515,51,0
1450906693,30,0
1450906694,30,0
1450906855,18,0
1450908431,30,0
1450909472,43,0
1450909512,18,0
1450910140,43,0
1450910171,44,0
1450910229,44,0
1450910255,24,0
1450910342,30,0
1450910342,44,0
1450910402,44,0
1450910465,44,0
1450910473,43,0
1450910811,30,0
1450911575,30,0
1450912329,18,0
1450912706,30,0
1450912746,30,0
1450914848,43,0
1450915377,30,0
1450916118,12,0
1450917864,30,0
1450917963,24,0
1450917965,31,0
1450917975,31,0
1450918459,30,0
1450918462,30,0
1450918561,34,0
1450918748,34,0
1450918755,30,0
1450918756,30,0
1450918995,34,0
1450919338,24,0
1450920069,34,0
1450920939,34,0
1450920985,9,0
1450921025,43,0
1450921031,9,0
1450921198,9,0
1450921591,30,0
1450921855,30,0
1450922684,43,0
1450923105,43,0
1450923139,9,0
1450923396,38,0
1450923612,33,0
1450924263,30,0
1450924452,43,0
1450924863,30,0
1450924864,30,0
1450925158,30,0
1450925700,4,0
1450925836,43,0
1450925909,18,0
1450926262,30,0
1450926290,31,0
1450926325,31,0
1450928030,43,0
1450928497,18,0
1450928854,51,0
1450929045,30,0
1450930136,30,0
1450930621,43,0
1450930884,18,0
1450930909,40,0
1450931298,43,0
1450931380,31,0
1450931399,31,0
1450931750,12,0
1450931844,12,0
1450932297,30,0
1450932748,31,0
1450932945,38,0
1450933096,43,0
1450933153,30,0
1450933389,43,0
1450933810,30,0
1450934392,43,0
1450934471,31,0
1450935807,18,0
1450937176,2,0
1450938891,31,0
1450938918,31,0
1450939456,43,0
1450939761,43,0
1450940057,12,0
1450940221,12,0
1450940652,43,0
1450940913,44,0
1450941387,13,0
1450942454,2,0
1450942528,30,0
1450943496,24,0
1450944348,7,0
1450944361,7,0
1450945146,19,0
1450945169,33,0
1450946828,38,0
1450948294,4,0
1450951018,12,0
1450952048,16,0
1450952196,16,0
1450954971,30,0
1450958057,43,0
1450985646,2,0
1450986955,43,0
1450988333,43,0
1450988650,24,0
1450989280,12,0
1450990565,14,0
1450992693,48,0
1450992701,48,0
1450992727,48,0
1450993052,43,0
1450993504,43,0
1450993542,13,0
1450994226,13,0
1450995472,13,0
1450995666,43,0
1450998043,18,0
1450999010,12,0
1451000923,7,0
1451001104,7,0
1451001288,12,0
1451002047,7,0
1451003377,31,0
1451003495,24,0
1451003748,38,0
1451004452,43,0
1451004952,40,0
1451005141,44,0
1451005145,44,0
1451005151,44,0
1451005287,44,0
1451005394,44,0
1451005496,44,0
1451005564,44,0
1451005619,44,0
1451005629,44,0
1451005691,44,0
1451005784,43,0
1451007026,38,0
1451007133,43,0
1451008122,7,0
1451008177,7,0
1451008899,43,0
1451008942,43,0
1451008999,28,0
1451010468,4,0
1451011797,30,0
1451012642,43,0
1451012744,31,0
1451012893,31,0
1451012941,43,0
1451013204,30,0
1451013235,48,0
1451013354,38,0
1451013487,11,0
1451014117,11,0
1451014262,11,0
1451014672,43,0
1451016366,43,0
1451017811,43,0
1451018270,18,0
1451018724,18,0
1451019150,43,0
1451019688,30,0
1451019854,30,0
1451020159,43,0
1451020175,19,0
1451020555,43,0
1451020741,38,0
1451020912,24,0
1451021471,43,0
1451021932,38,0
1451022736,34,0
1451023888,21,0
1451024188,34,0
1451024192,18,0
1451025736,34,0
1451025803,31,0
1451026123,34,0
1451026239,34,0
1451026260,12,0
1451026721,21,0
1451026839,43,0
1451028006,43,0
1451029285,43,0
1451029552,18,0
1451029842,19,0
1451030204,43,0
1451030497,12,0
1451031104,38,0
1451031300,38,0
1451031934,19,0
1451032431,38,0
1451032896,2,0
1451032904,2,0
1451033049,2,0
1451033987,30,0
1451034653,13,0
1451036371,43,0
1451036400,18,0
1451036415,18,0
1451036527,18,0
1451036795,18,0
1451038662,12,0
1451038807,2,0
1451041171,12,0
1451042422,7,0
1451043118,12,0
1451043438,7,0
1451049467,30,0
1451049468,30,0
1451051622,30,0
1451052571,13,0
1451064349,38,0
1451071060,19,0
1451071800,43,0
1451072413,33,0
1451072603,2,0
1451077549,24,0
1451078112,43,0
1451078182,14,0
1451078185,12,0
1451080213,31,0
1451080239,31,0
1451083064,12,0
1451083171,6,0
1451083234,6,0
1451083428,4,0
1451083655,40,0
1451083658,40,0
1451083661,40,0
1451085365,43,0
1451088703,43,0
1451089790,14,0
1451090661,25,0
1451090770,43,0
1451090813,31,0
1451091724,4,0
1451094254,33,0
1451095335,35,0
1451095365,43,0
1451096226,30,0
1451096687,24,0
1451096698,43,0
1451097475,21,0
1451098418,30,0
1451101870,43,0
1451102968,30,0
1451104115,7,0
1451104525,11,0
1451104615,30,0
1451104642,11,0
1451104654,11,0
1451105828,43,0
1451106766,43,0
1451107275,24,0
1451108512,43,0
1451109850,43,0
1451112081,12,0
1451113331,43,0
1451114899,24,0
1451117200,12,0
1451118143,50,0
1451118155,31,0
1451118833,13,0
1451120070,24,0
1451121738,25,0
1451122184,11,0
1451123383,37,0
1451123463,43,0
1451124521,18,0
1451126157,40,0
1451129148,12,0
1451143241,43,0
1451145913,21,0
1451146292,21,0
1451150126,33,0
1451152588,43,0
1451153233,43,0
1451155229,2,0
1451155245,2,0
1451155266,43,0
1451157321,30,0
1451157386,15,0
1451157515,30,0
1451158786,13,0
1451162468,13,0
1451162498,14,0
1451162540,43,0
1451164050,43,0
1451164776,30,0
1451166235,12,0
1451166654,28,0
1451167667,43,0
1451168089,19,0
1451168657,38,0
1451169614,31,0
1451169697,31,0
1451169780,38,0
1451170039,31,0
1451171460,43,0
1451172311,43,0
1451174022,50,0
1451174045,30,0
1451174800,7,0
1451175313,48,0
1451175370,2,0
1451175486,48,0
1451175943,43,0
1451176945,7,0
1451177379,4,0
1451179566,31,0
1451179579,43,0
1451179641,31,0
1451179679,31,0
1451179790,31,0
1451179936,31,0
1451180268,31,0
1451180399,31,0
1451180435,15,0
1451180492,30,0
1451180492,30,0
1451180493,30,0
1451180493,30,0
1451180678,21,0
1451180692,31,0
1451180759,21,0
1451180825,31,0
1451181130,4,0
1451181130,31,0
1451181159,4,0
1451181315,31,0
1451182814,31,0
1451182884,31,0
1451184859,43,0
1451185305,21,0
1451186773,43,0
1451186821,12,0
1451186976,43,0
1451187549,30,0
1451187704,19,0
1451188234,7,0
1451188768,7,0
1451188786,7,0
1451190001,14,0
1451190091,30,0
1451191150,43,0
1451192042,7,0
1451193599,1,0
1451193791,30,0
1451195121,24,0
1451195428,21,0
1451195457,43,0
1451195799,43,0
1451195951,43,0
1451196334,31,0
1451197839,43,0
1451197856,4,0
1451198162,31,0
1451199005,25,0
1451199008,43,0
1451199080,30,0
1451199197,31,0
1451199228,31,0
1451199340,43,0
1451199807,7,0
1451200048,14,0
1451200476,31,0
1451200499,31,0
1451200508,31,0
1451200652,31,0
1451200676,31,0
1451200790,31,0
1451200892,31,0
1451201058,31,0
1451203181,43,0
1451203413,24,0
1451204817,24,0
1451205222,33,0
1451205319,28,0
1451205391,28,0
1451205546,28,0
1451206561,30,0
1451206562,30,0
1451206562,30,0
1451206563,30,0
1451206744,12,0
1451206809,28,0
1451206847,28,0
1451207014,30,0
1451207230,50,0
1451207242,43,0
1451208393,43,0
1451208544,24,0
1451208977,31,0
1451209110,31,0
1451209175,31,0
1451209201,31,0
1451209243,31,0
1451209259,31,0
1451209408,4,0
1451209481,30,0
1451209644,30,0
1451210464,24,0
1451210655,12,0
1451210816,43,0
1451211004,28,0
1451211114,28,0
1451212104,7,0
1451212117,43,0
1451212558,24,0
1451214873,30,0
1451215516,14,0
1451218817,31,0
1451222488,38,0
1451231802,21,0
1451233979,21,0
1451238763,21,0
1451238831,21,0
1451239029,43,0
1451240380,21,0
1451241962,21,0
1451244360,12,0
1451246085,28,0
1451246671,28,0
1451246817,28,0
1451246870,28,0
1451246920,28,0
1451246962,30,0
1451247037,28,0
1451247171,30,0
1451247702,12,0
1451248135,30,1
1451248157,30,0
1451249134,28,0
1451249595,30,0
1451250941,19,0
1451251070,19,0
1451251128,19,0
1451252063,38,0
1451252745,43,0
1451253502,50,0
1451253837,1,0
1451254123,12,0
1451255066,12,0
1451255402,30,0
1451255835,51,0
1451256062,51,0
1451256685,51,1
1451256773,43,0
1451256909,43,0
1451256938,13,0
1451257153,13,0
1451257239,28,0
1451257459,9,0
1451257462,43,0
1451257470,9,0
1451257502,9,0
1451257569,25,0
1451257612,9,0
1451257746,9,0
1451257811,9,0
1451257827,9,0
1451257934,38,0
1451258332,43,0
1451258384,12,0
1451258395,9,0
1451258564,9,0
1451258656,9,1
1451258700,12,0
1451259034,21,0
1451260836,40,0
1451261521,43,0
1451262525,43,0
1451263004,12,0
1451263228,43,0
1451263345,13,0
1451263421,12,0
1451263615,24,0
1451263719,12,0
1451264151,40,0
1451264569,43,0
1451264940,12,0
1451266219,43,0
1451266438,43,0
1451268109,28,0
1451268117,28,0
1451268457,12,0
1451268896,43,0
1451269436,38,0
1451269507,38,0
1451269892,38,0
1451269933,12,0
1451269941,38,0
1451270185,12,0
1451270794,38,0
1451271039,31,0
1451271087,38,0
1451271515,38,0
1451271624,44,0
1451271628,44,0
1451271807,31,0
1451271923,44,0
1451271938,31,0
1451272000,31,0
1451272101,44,0
1451272110,44,0
1451272401,31,0
1451272477,31,0
1451272575,44,0
1451272632,38,0
1451272983,44,0
1451273536,12,0
1451275220,12,0
1451275493,12,0
1451275517,28,0
1451275532,44,0
1451275720,43,0
1451276315,31,0
1451276340,31,0
1451276376,31,0
1451276432,40,0
1451276463,14,0
1451277325,40,0
1451278147,37,0
1451278273,1,0
1451278342,14,1
1451278376,28,0
1451278387,28,0
1451278395,28,1
1451278559,21,1
1451278657,28,0
1451278708,12,1
1451278805,38,0
1451280060,30,0
1451280068,30,0
1451280070,43,0
1451280085,30,0
1451280108,30,1
1451280205,31,0
1451280215,31,0
1451280218,31,1
1451280303,31,0
1451280331,43,0
1451280373,31,0
1451280382,31,0
1451280431,31,0
1451280528,31,0
1451280967,30,0
1451281240,33,0
1451281275,30,0
1451281393,30,0
1451281512,24,1
1451281720,43,0
1451282015,13,1
1451282604,12,0
1451282867,14,0
1451283209,38,0
1451283221,38,0
1451283322,37,0
1451283403,37,1
1451283497,1,0
1451284273,31,0
1451284384,31,0
1451284428,31,0
1451284480,31,0
1451284730,31,0
1451284911,31,0
1451284922,44,0
1451284985,31,0
1451285014,31,0
1451285426,7,0
1451285557,31,0
1451286023,30,0
1451286078,7,0
1451286751,31,0
1451286881,28,0
1451286922,31,0
1451286943,31,0
1451287103,31,0
1451287120,31,0
1451287195,31,0
1451287232,31,0
1451287280,31,0
1451287726,50,0
1451287740,50,0
1451287771,44,0
1451287846,44,0
1451288021,6,0
1451288036,7,0
1451288084,6,0
1451288211,6,1
1451288320,7,0
1451288635,44,0
1451288764,43,0
1451289231,43,0
1451289841,43,0
1451290234,13,0
1451295764,43,0
1451296139,12,0
1451298919,40,0
1451299386,43,0
1451299980,25,0
1451302352,24,0
1451304039,24,0
1451306119,43,0
1451308141,30,0
1451310919,43,0
1451316521,30,0
1451317960,21,0
1451318197,30,0
1451318227,30,0
1451318232,30,0
1451318340,30,0
1451318494,30,0
1451318834,30,0
1451319692,30,0
1451319911,30,0
1451319911,30,0
1451319961,30,0
1451320318,30,0
1451320803,21,0
1451320889,30,0
1451321145,30,0
1451322309,21,0
1451322410,30,0
1451322981,33,0
1451323220,34,0
1451323245,34,0
1451323256,34,0
1451323391,21,0
1451324373,21,0
1451324655,30,0
1451325318,31,0
1451325322,31,0
1451325394,43,0
1451325469,31,0
1451325529,31,0
1451326686,44,0
1451327470,33,0
1451327562,30,0
1451327701,21,0
1451327758,30,0
1451327945,33,0
1451328427,33,0
1451329062,30,0
1451329062,30,0
1451329063,30,0
1451329068,30,0
1451329959,2,0
1451330768,31,0
1451330794,31,0
1451330831,31,0
1451330850,31,0
1451330917,31,0
1451330956,31,0
1451332419,43,0
1451332922,43,0
1451333893,24,0
1451334583,12,0
1451335012,43,0
1451335120,21,0
1451335674,43,0
1451335734,18,0
1451335857,19,0
1451336222,43,0
1451338027,43,0
1451339684,43,0
1451340190,40,0
1451340820,40,0
1451341579,31,0
1451341597,31,0
1451341800,24,0
1451341874,31,0
1451342106,24,0
1451342451,12,0
1451342595,12,0
1451342632,43,0
1451342719,12,0
1451344009,24,0
1451344363,21,0
1451344685,12,0
1451345472,21,0
1451346146,24,0
1451346276,12,0
1451346317,24,0
1451346348,43,0
1451346535,37,0
1451348332,24,0
1451349341,25,0
1451349699,14,0
1451349742,24,0
1451350391,18,0
1451350531,24,0
1451350745,9,0
1451351175,3,0
1451351756,43,0
1451352215,7,0
1451352277,43,0
1451352591,7,0
1451352765,24,0
1451353100,43,0
1451353268,7,0
1451354384,43,0
1451354417,43,0
1451355116,24,0
1451355161,5,0
1451356183,12,0
1451357298,31,0
1451357328,24,0
1451357343,31,0
1451357533,31,0
1451357686,39,0
1451357777,31,0
1451358243,38,0
1451358386,39,1
1451358447,39,0
1451358890,43,0
1451358984,38,0
1451359223,43,0
1451359426,24,0
1451360168,30,0
1451360185,30,0
1451360192,30,0
1451360215,30,0
1451360309,30,0
1451360393,30,0
1451360435,30,0
1451360741,30,0
1451360743,31,0
1451360881,18,0
1451361055,18,0
1451361332,38,0
1451361451,30,0
1451361890,30,0
1451362348,31,0
1451363477,24,0
1451363887,31,0
1451364781,38,0
1451364792,31,0
1451366517,43,0
1451367353,18,0
1451369191,39,0
1451369224,39,0
1451370219,31,0
1451370248,31,0
1451370381,31,0
1451370608,31,0
1451370688,31,0
1451370764,31,0
1451371142,33,0
1451371210,33,0
1451371237,31,0
1451371316,31,0
1451371367,31,0
1451372063,43,0
1451372501,33,0
1451372674,33,0
1451372989,21,0
1451373175,33,0
1451373460,33,0
1451373730,7,0
1451374277,43,0
1451374718,14,0
1451374878,25,0
1451375052,4,0
1451375066,4,0
1451375434,13,0
1451376666,16,0
1451376683,12,0
1451377044,18,0
1451377711,13,0
1451377900,7,0
1451378192,31,0
1451378222,31,0
1451378258,31,0
1451378420,7,0
1451378622,7,0
1451378660,22,0
1451379128,1,0
1451379358,43,0
1451379431,31,0
1451379905,31,0
1451380016,30,0
1451380061,30,0
1451380269,31,0
1451380503,31,0
1451380649,31,0
1451380759,31,0
1451380992,31,0
1451381170,31,0
1451381330,40,0
1451381646,40,0
1451381880,40,0
1451382287,31,0
1451382323,31,0
1451382335,31,0
1451382438,31,0
1451384349,43,0
1451385361,4,0
1451388511,7,0
1451388629,7,0
1451390072,12,0
1451405983,33,0
1451413649,11,0
1451414621,39,0
1451414776,39,0
1451414877,39,0
1451417145,30,0
1451420705,43,0
1451421873,2,0
1451423149,9,0
1451423241,9,0
1451423266,9,0
1451423318,9,0
1451423323,9,0
1451423831,39,0
1451423876,24,0
1451424588,30,0
1451424624,30,0
1451424630,30,0
1451425929,3,1
1451426323,24,0
1451426385,30,0
1451426391,43,0
1451426460,30,0
1451426704,13,0
1451427866,18,0
1451428078,7,0
1451428177,7,0
1451428832,38,0
1451428985,10,0
1451429037,7,0
1451429122,30,0
1451429123,40,0
1451429134,30,0
1451429233,30,0
1451429460,40,0
1451429584,24,0
1451431350,50,0
1451433514,50,0
1451434274,50,0
1451434308,50,0
1451434861,25,0
1451434863,43,0
1451435158,40,0
1451435377,31,0
1451435489,38,0
1451435686,50,0
1451435804,25,0
1451435864,40,0
1451435920,50,0
1451437145,13,0
1451437490,31,0
1451437527,40,0
1451437589,50,0
1451437641,38,0
1451437958,1,0
1451438281,19,0
1451438308,38,0
1451439605,24,0
1451439666,30,0
1451439686,30,1
1451439825,31,0
1451439911,31,0
1451440040,40,0
1451440041,40,0
1451440142,50,0
1451440433,43,0
1451440613,43,0
1451440772,43,0
1451441141,38,0
1451441168,24,0
1451441429,43,0
1451441590,18,0
1451442632,50,0
1451442706,38,0
1451443081,24,0
1451443232,43,0
1451443568,38,0
1451443974,43,0
1451445592,45,0
1451448816,12,0
1451450696,24,0
1451451074,38,0
1451451166,31,0
1451451255,31,0
1451451872,14,0
1451452546,22,0
1451452554,22,0
1451453436,34,0
1451453648,34,1
1451453824,34,0
1451454445,43,0
1451455060,43,0
1451455221,31,0
1451455227,31,0
1451455282,31,0
1451455331,31,0
1451455452,31,0
1451455648,31,0
1451455793,14,0
1451455841,14,0
1451456278,30,0
1451456308,30,0
1451456575,25,0
1451456942,30,0
1451458065,34,0
1451458358,34,0
1451458530,24,0
1451460020,12,0
1451460770,43,0
1451461212,39,0
1451461479,43,0
1451462062,43,0
1451462086,34,0
1451462106,34,0
1451462193,43,0
1451463548,30,0
1451463650,43,0
1451464261,14,0
1451464482,43,0
1451465001,34,0
1451465285,38,0
1451465445,24,0
1451465546,4,0
1451465648,43,0
1451465715,30,0
1451465813,11,0
1451465824,30,0
1451465834,11,0
1451465846,11,0
1451466130,30,0
1451466434,34,0
1451466745,34,0
1451466785,30,0
1451466919,34,0
1451466960,34,0
1451466977,34,0
1451467251,43,0
1451468950,19,0
1451469447,43,0
1451470805,12,0
1451471286,24,0
1451471903,43,0
1451472060,12,0
1451475693,28,0
1451495700,1,0
1451496096,34,0
1451496145,34,1
1451497250,3,0
1451498524,31,0
1451498572,31,0
1451501317,24,0
1451504119,9,0
1451504210,30,0
1451504213,30,0
1451504305,30,0
1451504329,30,0
1451504547,9,0
1451504926,30,0
1451504935,30,0
1451505105,30,0
1451505498,24,0
1451506971,2,0
1451507560,48,0
1451507804,30,0
1451507900,30,0
1451508259,43,0
1451508660,13,0
1451508934,38,0
1451508944,46,1
1451508950,46,1
1451508953,46,1
1451508960,46,1
1451508978,13,0
1451508985,30,0
1451509048,46,0
1451509054,46,0
1451509065,46,0
1451509085,46,0
1451509095,30,0
1451509125,46,0
1451509135,46,0
1451509277,46,0
1451509295,39,0
1451509310,46,0
1451509371,46,0
1451509377,46,0
1451509470,39,0
1451509512,46,0
1451509526,46,0
1451509983,46,0
1451510851,39,0
1451510917,38,0
1451511144,43,0
1451511532,21,0
1451512013,43,0
1451512289,43,0
1451512427,31,0
1451512675,31,0
1451512711,31,0
1451514634,31,0
1451514729,31,0
1451515010,51,0
1451515087,51,0
1451516585,30,0
1451516588,30,0
1451516602,30,0
1451516802,43,0
1451516896,31,0
1451517004,31,0
1451517211,31,0
1451517280,43,0
1451517299,31,0
1451517631,31,0
1451517838,31,0
1451518249,43,0
1451518988,38,0
1451519535,24,0
1451520079,38,0
1451520336,38,0
1451520470,34,0
1451520480,34,0
1451520531,4,0
1451521089,34,0
1451521100,34,0
1451521126,34,0
1451521222,34,0
1451521917,33,0
1451522021,33,0
1451522048,33,0
1451522606,34,0
1451522792,34,0
1451522902,43,0
1451522987,39,0
1451523117,33,0
1451523603,43,0
1451523707,43,0
1451523712,24,0
1451524685,1,0
1451524699,43,0
1451524729,21,1
1451524777,38,1
1451524834,2,1
1451525448,2,0
1451525775,38,0
1451525811,38,0
1451526346,43,0
1451526404,30,0
1451526912,38,0
1451526925,34,0
1451527016,40,0
1451527059,43,0
1451527579,43,0
1451527688,12,0
1451528018,30,0
1451528109,34,0
1451528324,24,0
1451528505,43,0
1451528694,43,0
1451528932,1,0
1451529248,34,0
1451529584,39,0
1451529678,18,0
1451529708,43,0
1451529843,31,0
1451530158,2,0
1451530162,31,0
1451530423,31,0
1451530465,18,0
1451530506,34,0
1451530794,2,0
1451530962,34,0
1451532106,1,0
1451532384,34,1
1451532591,11,0
1451532746,11,0
1451532888,11,0
1451532914,11,0
1451533330,30,0
1451533360,30,0
1451533368,30,0
1451534006,46,0
1451534018,46,0
1451534082,43,0
1451534277,2,0
1451534389,2,0
1451534563,34,0
1451534702,34,1
1451534833,24,0
1451535172,34,0
1451535915,48,0
1451536026,40,0
1451536059,7,0
1451536135,31,0
1451536179,38,0
1451536291,39,1
1451536310,34,0
1451536369,7,0
1451536389,39,0
1451536449,31,0
1451536477,39,0
1451536589,38,0
1451536608,31,0
1451536699,31,0
1451536777,7,0
1451536814,7,0
1451536880,7,0
1451536893,31,0
1451536924,39,0
1451537023,38,0
1451537124,31,0
1451537376,18,0
1451537383,18,0
1451537503,38,0
1451537939,38,0
1451538080,43,0
1451538333,18,0
1451538467,18,0
1451538629,34,0
1451539488,30,0
1451539922,18,0
1451540114,38,0
1451540751,18,0
1451540980,4,0
1451541108,14,0
1451541278,25,1
1451542386,19,0
1451542657,40,0
1451542669,19,0
1451542705,40,0
1451542895,43,0
1451543342,19,0
1451543561,7,0
1451543657,30,0
1451543815,30,0
1451544213,30,0
1451544309,30,0
1451544476,30,0
1451544651,43,0
1451545395,43,0
1451545488,39,0
1451545488,39,0
1451545881,31,0
1451546403,38,0
1451546826,30,0
1451546907,30,0
1451548730,4,0
1451548936,24,0
1451548961,4,0
1451549553,45,0
1451549553,45,0
1451550052,4,0
1451550240,30,0
1451550245,30,0
1451550251,30,0
1451550751,18,0
1451551326,30,0
1451551603,18,0
1451552237,30,0
1451552445,24,0
1451552690,30,0
1451552780,30,0
1451552974,30,0
1451553074,30,0
1451553206,30,0
1451553451,30,0
1451553541,30,0
1451553594,30,0
1451553784,7,0
1451554255,30,0
1451554415,43,0
1451554844,30,0
1451554972,30,0
1451556776,37,0
1451558237,30,0
1451559299,18,0
1451560349,43,0
1451562131,12,0
1451562948,7,0
1451565518,12,0
1451566823,18,0
1451567026,18,0
1451567128,50,0
1451567148,50,0
1451574553,21,0
1451576575,21,0
1451576943,21,0
1451578125,21,0
1451581783,21,0
1451582043,21,0
1451582254,33,0
1451583128,33,0
1451583919,43,0
1451587744,21,0
1451588762,21,0
1451588922,43,0
1451589391,13,0
1451589940,13,0
1451590099,30,0
1451590104,38,0
1451590831,10,0
1451590975,30,0
1451591137,43,0
1451591362,38,0
1451592106,43,0
1451592271,43,0
1451592339,24,0
1451592754,21,0
1451593976,21,0
1451594016,21,0
1451594355,43,0
1451594399,12,0
1451594657,13,0
1451594712,21,0
1451594715,12,0
1451594836,21,0
1451594927,30,0
1451594987,30,0
1451594991,30,0
1451595767,38,0
1451595772,38,0
1451597276,30,0
1451597874,21,0
1451598245,9,0
1451598256,9,0
1451598270,9,0
1451598328,9,0
1451598456,19,0
1451599231,14,0
1451600417,4,0
1451601320,4,0
1451601411,30,0
1451601498,24,0
1451601606,4,0
1451601786,4,0
1451602189,18,0
1451605749,24,0
1451605826,13,0
1451605832,38,0
1451605865,38,0
1451605958,13,0
1451606279,43,0
1451606457,38,0
1451606614,43,0
1451606816,30,0
1451606852,30,0
1451607268,43,0
1451607303,30,0
1451607950,43,0
1451608049,40,0
1451608249,40,0
1451608281,1,0
1451608467,40,0
1451608739,40,0
1451608864,28,0
1451609271,25,0
1451611001,18,0
1451611545,50,0
1451611563,50,0
1451611633,43,0
1451611670,1,0
1451611964,40,0
1451613067,2,0
1451613879,30,0
1451614481,40,0
1451614507,40,0
1451614742,30,0
1451614760,46,0
1451614764,46,0
1451614769,46,0
1451614769,46,0
1451614905,24,0
1451615636,43,0
1451616547,30,0
1451616883,38,0
1451616933,14,0
1451616987,12,0
1451617014,14,0
1451617229,40,0
1451617329,14,0
1451617589,18,0
1451617620,11,0
1451617780,14,0
1451617860,14,0
1451617894,43,0
1451618184,30,0
1451618187,30,0
1451618731,12,0
1451619161,30,0
1451619180,18,0
1451619195,18,0
1451620346,24,0
1451620402,40,0
1451620406,40,0
1451620978,40,0
1451621687,31,0
1451623022,43,0
1451624372,14,0
1451624432,14,0
1451624581,14,0
1451624679,14,0
1451625031,38,0
1451625194,43,0
1451625390,1,0
1451625621,37,0
1451626234,43,1
1451626504,4,0
1451627290,2,0
1451627827,33,0
1451627964,33,0
1451628126,33,0
1451628207,33,0
1451628230,24,0
1451628246,33,0
1451628552,30,0
1451631061,33,0
1451632492,4,1
1451632822,38,0
1451632859,14,0
1451633038,43,0
1451633329,33,0
1451633393,33,1
1451635283,4,0
1451635341,4,0
1451635506,4,0
1451635813,4,0
1451636267,38,0
1451636591,38,0
1451636611,38,0
1451636757,14,0
1451637048,48,0
1451637932,14,0
1451638165,38,0
1451638313,7,0
1451638646,24,0
1451638715,38,0
1451639299,2,0
1451639365,30,0
1451640122,7,0
1451640146,14,0
1451640664,14,0
1451642382,2,0
1451642801,4,0
1451643596,25,0
1451644011,2,0
1451644357,13,0
1451645780,43,0
1451646645,38,0
1451649527,34,0
1451649656,38,0
1451649937,18,0
1451650529,38,0
1451650663,38,0
1451651144,33,0
1451652967,11,0
1451664704,21,0
1451665183,21,0
1451668208,21,0
1451668914,21,0
1451670140,21,0
1451670184,43,0
1451671396,21,0
1451673793,30,0
1451673829,30,0
1451673968,21,0
1451674657,43,0
1451674736,21,0
1451674853,21,0
1451675387,2,0
1451676433,2,0
1451676639,21,0
1451677111,21,0
1451677371,44,0
1451677428,44,1
1451677519,43,0
1451677842,44,0
1451680617,43,0
1451680821,12,0
1451680900,38,0
1451680938,28,0
1451681515,27,0
1451681776,27,1
1451681776,27,1
1451681838,43,0
1451682452,21,0
1451683556,12,0
1451683774,14,0
1451683786,14,0
1451684951,30,0
1451685046,43,0
1451685089,22,0
1451685960,24,0
1451686272,50,0
1451687204,31,0
1451689487,12,0
1451689550,18,0
1451689624,43,0
1451689819,7,0
1451689882,31,0
1451691375,19,0
1451692319,1,0
1451693904,24,0
1451696892,11,0
1451696942,11,0
1451696955,11,0
1451697301,43,0
1451697688,24,0
1451697782,1,0
1451698160,43,0
1451698245,43,0
1451699506,19,0
1451703462,24,0
1451703871,25,0
1451704684,43,0
1451704765,25,0
1451704860,30,0
1451705348,43,0
1451705663,3,0
1451707050,40,0
1451707106,43,0
1451707204,31,0
1451707525,40,0
1451707779,40,0
1451707798,40,0
1451708591,14,0
1451708600,14,0
1451709594,38,0
1451710101,31,0
1451710485,14,0
1451710500,43,0
1451710784,43,0
1451710989,43,0
1451711430,37,0
1451712174,43,0
1451712985,14,0
1451714298,10,0
1451714622,4,0
1451714949,43,0
1451714957,40,0
1451714986,40,0
1451716961,31,0
1451717109,7,0
1451717150,4,0
1451717234,4,0
1451717303,3,1
1451718621,31,0
1451720504,43,0
1451722628,11,0
1451724698,14,0
1451725884,22,0
1451726364,15,1
1451726391,7,0
1451726986,12,0
1451728737,24,0
1451730038,14,0
1451730287,14,0
1451744309,34,0
1451750747,21,0
1451751147,21,0
1451753463,21,0
1451753476,21,0
1451755633,21,0
1451760106,21,0
1451764908,43,0
1451768052,31,0
1451769126,24,0
1451770286,1,0
1451770316,2,0
1451773507,31,0
1451774473,43,0
1451776181,24,0
1451777231,43,0
1451778063,38,0
1451778682,43,0
1451779312,4,0
1451780383,18,0
1451781819,4,0
1451781841,43,0
1451782206,43,0
1451783271,1,0
1451783440,31,0
1451783441,18,1
1451783495,31,0
1451783576,31,0
1451783967,31,0
1451783979,43,0
1451784441,43,0
1451784741,43,0
1451785228,3,0
1451785345,43,0
1451785719,43,0
1451787705,23,1
1451787793,18,0
1451787952,18,0
1451789478,43,0
1451790531,18,0
1451790693,43,0
1451790814,19,0
1451790909,43,0
1451791991,14,0
1451792235,24,0
1451792379,43,0
1451792739,43,0
1451793006,30,0
1451793278,30,0
1451793715,43,0
1451793812,43,0
1451794156,4,0
1451794186,43,0
1451794237,4,0
1451794689,43,0
1451795122,31,0
1451797357,43,0
1451798668,14,0
1451800089,43,0
1451800229,43,0
1451800466,23,1
1451800533,23,1
1451800565,23,1
1451803394,23,0
1451803521,23,1
1451803671,12,0
1451804341,31,0
1451806515,43,0
1451807159,33,0
1451807197,33,0
1451807502,43,0
1451807570,33,0
1451807898,16,0
1451807905,16,0
1451810289,43,0
1451811922,4,0
1451811975,4,0
1451815925,18,0
1451816153,18,0
1451817261,43,0
1451821113,40,0
1451822466,16,0
1451822513,16,0
1451837800,34,0
1451837921,34,0
1451838639,34,0
1451839934,34,0
1451840149,34,0
1451843545,21,0
1451843643,21,0
1451848929,43,0
1451849909,12,0
1451850526,12,0
1451850588,50,0
1451852934,43,0
1451854325,43,0
1451855883,14,0
1451857216,12,0
1451858135,43,0
1451858445,43,0
1451858499,14,0
1451859554,43,0
1451862782,40,0
1451865186,31,0
1451865991,2,0
1451867716,43,0
1451869229,43,0
1451870090,2,0
1451870696,30,0
1451871796,43,0
1451871898,43,0
1451872651,25,0
1451872873,12,0
1451872874,43,0
1451873620,14,0
1451874149,43,0
1451874881,43,0
1451874923,12,0
1451875286,30,0
1451875559,43,0
1451875797,43,0
1451876007,24,0
1451876346,30,0
1451876587,18,0
1451876657,18,0
1451877254,43,0
1451877394,43,0
1451877548,4,0
1451877675,4,0
1451878394,43,0
1451878583,30,0
1451878751,30,0
1451880537,43,0
1451882094,43,0
1451882304,43,0
1451882848,43,0
1451882957,43,0
1451883864,50,0
1451884611,31,0
1451885141,43,0
1451885280,12,0
1451885357,3,0
1451886499,16,0
1451886975,43,0
1451888207,43,0
1451889455,43,0
1451889467,3,0
1451889620,38,0
1451890422,38,0
1451891618,12,0
1451895451,4,0
1451896821,7,0
1451897780,43,0
1451898265,7,0
1451898857,31,0
1451902120,43,0
1451906461,13,0
1451907518,40,0
1451925157,21,0
1451926999,21,0
1451929570,14,0
1451930063,50,0
1451930670,21,0
1451930925,21,0
1451931097,21,0
1451934161,43,0
1451935199,14,0
1451936129,38,0
1451937125,43,0
1451939861,43,0
1451942054,12,0
1451942281,24,0
1451944871,30,0
1451945903,14,0
1451945909,9,0
1451947400,14,0
1451948397,9,0
1451948985,28,0
1451949255,43,0
1451950477,43,0
1451950995,30,0
1451951566,43,0
1451951955,43,0
1451952068,43,0
1451952144,12,0
1451952625,11,0
1451952670,12,0
1451954212,2,0
1451954250,2,0
1451954396,2,0
1451955413,40,0
1451955874,40,0
1451958283,25,0
1451958882,25,0
1451959218,4,0
1451959757,19,0
1451960815,43,0
1451960866,4,0
1451960905,4,0
1451961149,25,0
1451961294,4,0
1451961395,19,0
1451961414,43,0
1451961886,13,0
1451964432,31,0
1451964478,40,0
1451964594,31,0
1451964657,31,0
1451964719,31,0
1451964809,31,0
1451969446,18,0
1451969713,43,0
1451969824,31,0
1451969898,31,0
1451970165,43,0
1451971296,25,0
1451971354,25,0
1451971424,25,0
1451971425,40,0
1451973004,43,0
1451973792,14,0
1451974384,43,0
1451975098,43,0
1451975287,12,0
1451975333,28,0
1451975397,28,0
1451975550,12,0
1451975627,25,0
1451976034,12,0
1451976096,12,0
1451976435,12,0
1451976631,12,0
1451976796,12,0
1451976874,42,0
1451976892,42,0
1451977106,12,0
1451977581,7,0
1451977966,31,0
1451978049,7,0
1451978182,12,0
1451978311,12,0
1451978701,28,0
1451980245,12,0
1451980650,12,0
1451981108,43,0
1451981319,50,0
1451981561,4,0
1451981569,4,0
1451982072,28,0
1451982200,50,0
1451982576,11,0
1451983273,12,0
1451983281,40,0
1451983628,50,0
1451983746,5,0
1451983816,24,0
1451984013,50,0
1451984596,50,0
1451985148,21,0
1451985287,4,0
1451985763,50,0
1451986057,4,0
1451987429,43,0
1451988800,4,0
1451988825,43,0
1451988967,4,0
1451990259,4,0
1451990728,31,0
1451990791,43,0
1451996379,43,0
1452009078,34,0
1452009639,34,0
1452009705,34,0
1452010473,34,0
1452014303,34,0
1452017875,30,0
1452017898,30,0
1452017973,30,0
1452019431,21,0
1452019517,21,0
1452020968,43,0
1452021516,30,0
1452021770,9,0
1452023064,24,0
1452025073,18,0
1452026564,12,0
1452026967,11,0
1452026989,11,0
1452027001,11,0
1452027410,11,0
1452027580,24,0
1452027826,11,0
1452027855,11,0
1452029091,43,0
1452030362,28,0
1452030671,12,0
1452030800,24,0
1452031111,43,0
1452034443,43,0
1452034528,18,0
1452034993,34,0
1452035237,24,0
1452035267,43,0
1452035798,43,0
1452036126,43,0
1452036696,34,0
1452038102,30,0
1452038134,30,0
1452038161,30,0
1452039788,43,0
1452040375,34,0
1452040392,34,0
1452040941,13,0
1452041146,34,0
1452041345,43,0
1452041506,34,0
1452042316,43,0
1452043348,12,0
1452043383,43,0
1452043487,23,0
1452043492,23,0
1452043562,43,0
1452045131,43,0
1452045703,34,0
1452046840,34,0
1452047001,34,0
1452047048,34,0
1452047236,34,0
1452047419,34,0
1452047483,13,0
1452047955,43,0
1452047975,34,0
1452049105,11,0
1452049141,43,0
1452049924,30,0
1452049977,43,0
1452050209,1,0
1452050696,2,0
1452050704,2,0
1452050736,31,0
1452050798,31,0
1452051279,34,0
1452052055,43,0
1452052621,43,0
1452052902,14,0
1452053080,13,0
1452053738,2,0
1452053832,13,0
1452053915,43,0
1452054483,34,0
1452057266,34,0
1452058261,12,0
1452058527,14,0
1452058596,14,0
1452058627,30,0
1452058786,30,0
1452059338,34,0
1452059398,30,0
1452059987,34,0
1452060017,34,0
1452060206,34,0
1452060929,34,0
1452062703,2,0
1452064524,30,0
1452064554,34,0
1452065415,34,0
1452065827,18,0
1452065830,18,0
1452066167,18,0
1452066354,38,0
1452066859,24,0
1452067267,19,0
1452067902,34,0
1452068005,34,0
1452068121,34,0
1452068978,11,0
1452068987,11,0
1452068997,11,0
1452069008,11,0
1452069016,11,0
1452069048,11,0
1452069059,11,0
1452069081,11,0
1452069091,11,1
1452069165,11,0
1452069541,18,0
1452070110,48,0
1452070274,43,0
1452070569,43,0
1452071578,18,0
1452071956,50,0
1452072024,18,0
1452072079,50,0
1452072609,43,0
1452072786,50,0
1452072851,50,0
1452073279,31,0
1452073754,40,0
1452073806,40,0
1452074448,43,0
1452075006,43,0
1452076170,43,0
1452076241,40,0
1452076355,43,0
1452077436,12,0
1452094778,34,0
1452094857,34,0
1452097634,34,0
1452099107,34,0
1452099432,34,0
1452104374,43,0
1452106614,31,0
1452107109,14,0
1452108096,19,0
1452108128,19,0
1452109416,11,0
1452109416,14,0
1452109474,11,0
1452109910,30,0
1452110169,40,0
1452110200,40,0
1452110576,12,0
1452110668,43,0
1452111235,24,0
1452111783,51,0
1452113012,43,0
1452113124,28,0
1452113169,43,0
1452113918,30,0
1452115273,43,0
1452115397,24,0
1452116788,28,0
1452117827,42,0
1452117843,43,0
1452117901,42,0
1452118556,31,0
1452119130,43,0
1452119178,43,0
1452119458,24,0
1452119640,30,0
1452119910,22,0
1452119915,22,0
1452120276,43,0
1452120672,2,0
1452120716,2,0
1452122664,22,0
1452122664,22,0
1452123164,31,0
1452123896,2,0
1452123904,2,0
1452126155,19,0
1452126270,19,0
1452126460,19,0
1452127534,14,0
1452127551,14,0
1452128814,12,0
1452129408,14,0
1452129450,43,0
1452129806,43,0
1452130273,43,0
1452130346,1,0
1452131263,40,0
1452131301,34,1
1452131368,34,0
1452131419,34,0
1452131532,34,0
1452131636,23,1
1452131708,34,0
1452131724,25,0
1452132717,43,0
1452132904,43,0
1452134307,43,0
1452135090,43,0
1452135283,24,0
1452135916,24,0
1452136303,30,0
1452136545,30,0
1452137560,43,0
1452139475,31,0
1452139490,31,0
1452139599,25,0
1452140132,30,0
1452140905,43,0
1452141070,30,0
1452141512,43,0
1452141751,31,0
1452141775,31,0
1452141785,33,0
1452141802,33,0
1452141857,31,0
1452141888,33,0
1452142067,33,0
1452142203,31,0
1452142555,31,0
1452142945,31,0
1452143362,18,0
1452143794,43,0
1452143872,1,0
1452143951,43,0
1452144184,2,0
1452144565,3,1
1452144648,4,0
1452145165,43,0
1452146482,43,0
1452147237,43,0
1452148045,31,0
1452148341,24,0
1452149275,43,0
1452149639,34,0
1452149730,34,0
1452149733,31,0
1452149950,43,0
1452150161,34,0
1452150437,38,1
1452151225,34,0
1452151439,7,0
1452151501,4,0
1452151651,7,0
1452151934,7,0
1452152055,42,0
1452152451,7,0
1452152856,43,0
1452153046,34,0
1452153340,34,0
1452153581,34,0
1452153779,43,0
1452153820,34,0
1452154219,7,0
1452154698,7,0
1452155240,37,0
1452155453,7,0
1452155791,43,0
1452156738,7,0
1452157619,34,0
1452157650,34,0
1452158089,43,0
1452158743,18,0
1452158876,34,0
1452161531,12,0
1452161647,51,0
1452161647,51,0
1452161714,12,0
1452165640,43,0
1452165690,43,0
1452169244,43,0
1452186945,21,0
1452188436,43,0
1452188884,43,0
1452189410,21,0
1452190172,43,0
1452191106,50,0
1452191120,50,0
1452193760,19,0
1452193923,19,0
1452194186,19,0
1452194877,31,0
1452195128,21,0
1452196289,14,0
1452196430,14,0
1452197124,43,0
1452197588,24,0
1452198250,11,0
1452198276,11,0
1452198321,12,0
1452199043,25,0
1452199831,1,0
1452200143,1,0
1452200644,48,1
1452201906,43,0
1452202939,6,0
1452204175,14,0
1452204687,25,0
1452204895,44,0
1452205005,44,0
1452206619,31,0
1452207080,31,0
1452207352,34,0
1452207618,34,0
1452207977,25,0
1452208949,18,0
1452209446,34,0
1452209458,34,0
1452209680,19,1
1452209777,43,0
1452209927,19,0
1452213692,14,0
1452213724,14,0
1452213767,14,0
1452214294,4,0
1452215010,43,0
1452215253,2,0
1452216362,30,0
1452216373,48,0
1452216679,43,0
1452216757,43,0
1452217348,34,0
1452217348,34,0
1452217725,40,0
1452219086,14,0
1452220415,43,0
1452221819,30,0
1452222028,30,0
1452222249,31,0
1452222363,43,0
1452222534,31,0
1452222539,43,0
1452222688,31,0
1452222741,31,0
1452222766,31,0
1452223675,31,0
1452223702,31,0
1452224515,25,0
1452224678,40,0
1452225140,40,0
1452225534,40,0
1452226442,43,0
1452226696,19,0
1452227217,43,0
1452229019,19,0
1452230167,2,0
1452230188,2,0
1452230338,2,0
1452230375,43,0
1452230811,7,0
1452231146,24,0
1452232460,43,0
1452232553,12,0
1452233817,4,0
1452233916,43,0
1452234093,2,0
1452234166,5,0
1452234401,33,0
1452234401,33,0
1452235150,25,0
1452235865,43,0
1452236491,42,0
1452236491,42,0
1452236678,31,0
1452237402,43,0
1452237667,43,0
1452238197,5,0
1452238361,43,0
1452238706,43,0
1452238849,7,0
1452239263,7,0
1452240122,43,0
1452241074,43,0
1452241992,7,0
1452242433,7,0
1452243118,7,0
1452243543,7,0
1452243953,43,0
1452244633,7,0
1452245883,43,0
1452246632,4,0
1452246676,7,0
1452247110,43,0
1452247464,43,0
1452249760,12,0
1452250060,12,0
1452251274,43,0
1452254154,43,0
1452255486,11,0
1452271634,21,0
1452279546,3,0
1452279546,3,0
1452280083,43,0
1452280348,12,0
1452280615,25,0
1452282798,30,0
1452284851,43,0
1452284968,14,0
1452285276,19,0
1452285309,43,0
1452285867,43,0
1452286053,43,0
1452287155,43,0
1452289037,2,0
1452289233,2,0
1452289306,2,0
1452289499,28,0
1452290585,24,0
1452290970,28,0
1452291198,31,0
1452291204,31,0
1452291344,31,0
1452291360,14,0
1452291378,14,0
1452291393,31,0
1452291425,11,0
1452291425,11,0
1452291441,31,0
1452291579,31,0
1452291672,31,0
1452292968,43,0
1452293086,24,0
1452293303,1,0
1452293385,28,0
1452293575,15,0
1452293671,15,1
1452293883,15,0
1452293883,15,0
1452294076,5,0
1452294579,43,0
1452294661,43,0
1452295494,19,0
1452297015,40,0
1452299263,40,0
1452299384,43,0
1452299867,31,0
1452300130,31,0
1452300290,31,0
1452300611,31,0
1452300783,31,0
1452301244,31,0
1452301332,31,0
1452301562,31,0
1452302064,31,0
1452302302,9,0
1452302583,43,0
1452302753,43,0
1452302877,18,0
1452303587,24,0
1452304249,31,0
1452304418,31,0
1452304599,43,0
1452305087,43,0
1452306029,4,0
1452306453,4,0
1452306599,4,0
1452306919,21,0
1452307479,43,0
1452308593,43,0
1452308916,30,0
1452309210,14,0
1452309827,1,0
1452309855,30,0
1452310040,43,0
1452310246,43,0
1452310630,18,0
1452311760,9,0
1452311760,9,0
1452312193,40,0
1452312643,43,0
1452312832,25,0
1452312969,13,0
1452312969,13,0
1452313773,25,0
1452313849,21,0
1452314421,19,0
1452314788,31,0
1452315062,30,0
1452315335,12,0
1452315498,43,0
1452315668,31,0
1452316459,14,0
1452316476,43,0
1452317165,43,0
1452319296,43,0
1452321688,43,0
1452321901,31,0
1452322507,31,0
1452322683,31,0
1452323014,31,0
1452323256,31,0
1452324489,40,0
1452324911,31,0
1452325117,31,0
1452325387,31,0
1452326517,4,0
1452326627,4,0
1452326812,4,0
1452326857,19,0
1452327338,4,0
1452327394,12,0
1452327450,43,0
1452327949,43,0
1452328180,43,0
1452328401,43,0
1452329034,37,0
1452329176,40,0
1452330715,12,0
1452331778,18,0
1452332554,12,0
1452337036,43,0
1452356472,23,0
1452356757,21,0
1452363426,31,0
1452363562,31,0
1452363943,31,0
1452367752,43,0
1452369185,43,0
1452369942,38,0
1452370088,30,0
1452370320,30,0
1452370349,30,0
1452370374,43,0
1452370378,30,0
1452370763,43,0
1452371757,2,0
1452371768,2,0
1452371839,2,0
1452372547,21,0
1452372727,21,0
1452372816,30,0
1452372898,30,0
1452373466,31,0
1452373760,14,0
1452373818,21,0
1452373881,21,0
1452373964,21,0
1452374103,21,0
1452374136,19,0
1452374277,19,0
1452374517,30,0
1452374861,21,0
1452374861,21,0
1452375006,30,0
1452375230,30,0
1452375480,16,0
1452375487,43,0
1452375492,30,0
1452375494,16,0
1452375529,16,0
1452376053,30,0
1452376127,24,0
1452376131,43,0
1452376314,12,0
1452376418,30,0
1452376485,12,0
1452376777,18,0
1452376789,18,0
1452376789,18,0
1452378309,43,0
1452378338,30,0
1452378749,40,0
1452379743,43,0
1452379830,43,0
1452380173,2,0
1452380188,2,0
1452380241,2,0
1452380241,2,0
1452382150,12,0
1452382279,30,0
1452382672,40,0
1452383462,43,0
1452383639,30,0
1452383689,30,0
1452384474,30,0
1452384940,30,0
1452385105,43,0
1452385239,43,0
1452385779,38,0
1452385804,38,0
1452386403,30,0
1452386525,30,0
1452386970,14,0
1452387542,23,0
1452387659,38,0
1452387659,38,0
1452387872,7,0
1452388656,43,0
1452388810,31,0
1452388931,31,0
1452388953,24,0
1452389181,31,0
1452389216,43,0
1452389333,31,0
1452389456,31,0
1452389600,31,0
1452389670,31,0
1452389738,31,0
1452389819,31,0
1452390042,31,0
1452390213,31,0
1452390234,31,0
1452390401,31,0
1452390465,31,0
1452391200,30,0
1452391288,30,0
1452391332,35,0
1452391332,35,0
1452391402,44,0
1452391473,44,0
1452391574,44,0
1452391581,44,0
1452391591,44,0
1452391683,44,0
1452391702,44,0
1452391702,44,0
1452391822,30,0
1452392053,43,0
1452392425,12,0
1452392668,30,0
1452392822,7,0
1452392827,43,0
1452393008,30,0
1452393112,43,0
1452393287,31,0
1452393405,28,0
1452393411,40,0
1452393442,40,0
1452393504,28,0
1452393572,28,0
1452393635,28,0
1452393717,40,0
1452393769,40,0
1452393803,28,0
1452394342,24,0
1452394354,43,0
1452394517,40,0
1452394520,28,0
1452394660,28,0
1452395229,28,0
1452395409,28,0
1452395723,40,0
1452395772,30,0
1452395902,43,0
1452395977,30,0
1452396020,30,0
1452396363,14,0
1452396589,40,0
1452396595,28,0
1452396713,43,0
1452396923,19,0
1452397017,28,0
1452397034,30,0
1452397105,30,0
1452397143,28,0
1452397153,40,0
1452397233,40,0
1452397527,19,0
1452397901,40,0
1452397937,28,0
1452398027,40,0
1452398054,28,0
1452398456,19,0
1452398721,19,0
1452398721,19,0
1452398773,12,0
1452399566,30,0
1452400068,31,0
1452400068,31,0
1452400235,28,0
1452400277,12,0
1452400302,12,0
1452400321,28,0
1452401040,12,0
1452401161,12,0
1452401914,43,0
1452402087,14,0
1452402087,14,0
1452402401,40,0
1452402493,40,0
1452402919,43,0
1452402935,40,0
1452403054,43,0
1452403628,6,0
1452403854,43,0
1452404346,40,0
1452404363,40,0
1452404396,40,0
1452404402,40,0
1452404461,43,0
1452404555,40,0
1452404795,40,0
1452404799,40,0
1452404822,40,0
1452404822,40,0
1452404847,4,0
1452404880,12,0
1452404885,48,0
1452404885,48,0
1452406021,6,0
1452406042,6,0
1452406042,6,0
1452406371,43,0
1452406441,43,0
1452408319,4,0
1452408467,12,0
1452408714,7,0
1452408885,16,0
1452408970,16,0
1452409131,50,0
1452409274,7,0
1452409608,50,0
1452409867,30,0
1452410690,50,0
1452410690,50,0
1452410829,5,0
1452410874,5,0
1452410874,5,0
1452410921,7,0
1452410921,7,0
1452412179,43,0
1452412179,43,0
1452412479,10,0
1452412479,10,0
1452412964,12,0
1452413661,23,1
1452413661,23,1
1452413962,24,0
1452414204,37,0
1452414204,37,0
1452414387,24,0
1452414550,25,0
1452414550,25,0
1452415234,12,0
1452415234,12,0
1452416790,16,0
1452416790,16,0
1452417013,24,0
1452417013,24,0
1452417169,4,0
1452417169,4,0
1452419006,30,0
1452419006,30,0
1452419350,28,0
1452419392,28,0
1452419839,28,0
1452419885,28,0
1452419885,28,0
