1454236121,17,0
1454238436,29,0
1454238592,17,0
1454243244,37,0
1454248874,17,0
1454250734,51,0
1454251070,51,0
1454251187,51,0
1454256791,51,0
1454259199,25,0
1454259205,25,0
1454259208,25,0
1454267267,32,0
1454268415,47,0
1454269619,51,0
1454270129,8,0
1454270172,8,0
1454271119,29,0
1454271424,8,0
1454272064,13,0
1454272149,8,0
1454272178,8,0
1454272180,13,0
1454273525,21,0
1454273588,17,0
1454274217,13,0
1454274668,13,0
1454274677,13,0
1454274838,13,0
1454275721,8,0
1454276351,24,0
1454276444,38,0
1454276620,8,0
1454279859,24,0
1454279916,24,0
1454279957,24,0
1454281362,24,0
1454281690,3,0
1454282729,13,0
1454282769,13,0
1454283012,51,0
1454283235,51,1
1454283237,51,1
1454283450,24,0
1454284354,8,0
1454284365,8,0
1454284388,8,0
1454284402,8,0
1454285806,24,0
1454286232,13,0
1454288058,8,0
1454288060,8,0
1454288064,8,0
1454288764,8,0
1454288912,8,0
1454289154,8,0
1454289499,8,0
1454289530,8,0
1454289582,8,0
1454289655,8,0
1454291411,8,0
1454291541,25,0
1454291673,8,0
1454291712,25,0
1454291739,8,0
1454291864,25,0
1454291902,10,0
1454293307,8,0
1454294081,29,0
1454294346,8,0
1454294439,8,0
1454294583,8,0
1454294856,13,0
1454295147,13,0
1454295176,13,0
1454295196,13,0
1454295246,13,0
1454295291,13,0
1454295300,13,0
1454296270,8,0
1454299937,13,0
1454300835,13,0
1454301546,13,0
1454301610,13,0
1454303570,24,0
1454305166,48,0
1454305872,13,0
1454305881,13,0
1454306665,13,0
1454307011,25,0
1454307530,8,0
1454307632,8,0
1454307641,8,0
1454307898,8,0
1454307990,8,0
1454310341,8,0
1454310362,13,0
1454310384,13,0
1454310518,8,0
1454311431,13,0
1454311481,13,0
1454312355,13,0
1454312462,8,0
1454312471,8,0
1454313684,13,0
1454313987,13,0
1454314102,13,0
1454314111,13,0
1454316555,8,0
1454316572,8,0
1454316753,13,0
1454318258,13,0
1454318471,13,0
1454320628,10,0
1454321501,29,0
1454322261,10,0
1454326669,17,0
1454328049,17,0
1454329459,17,0
1454329560,17,0
1454336493,25,0
1454341119,39,0
1454343719,20,0
1454359978,13,0
1454360020,10,0
1454361253,21,0
1454367054,21,0
1454367294,24,0
1454367299,24,0
1454368133,21,0
1454370639,29,0
1454370645,29,0
1454371478,17,0
1454371673,17,0
1454371903,48,0
1454371949,17,0
1454372168,17,0
1454372484,17,0
1454373071,17,0
1454376309,25,0
1454376518,8,0
1454376527,8,0
1454376534,8,0
1454376553,8,0
1454376716,17,0
1454376724,17,0
1454376950,17,0
1454377475,17,0
1454377704,17,0
1454378287,14,0
1454379089,29,0
1454379412,25,0
1454381023,13,0
1454381140,13,0
1454381142,13,0
1454382808,13,0
1454382851,13,0
1454382860,13,0
1454383910,13,0
1454386878,25,0
1454387122,32,0
1454387222,25,0
1454387947,25,0
1454389078,8,0
1454389589,8,0
1454389810,8,0
1454389858,8,0
1454390090,8,0
1454390167,8,0
1454390172,8,0
1454390190,8,0
1454390341,8,0
1454390428,8,0
1454390564,8,0
1454390582,8,0
1454390593,8,0
1454391232,10,0
1454391430,8,0
1454391812,8,0
1454391856,8,0
1454391985,8,0
1454392003,8,0
1454392026,13,0
1454392051,8,0
1454392063,29,0
1454392068,8,0
1454392077,8,0
1454392213,13,0
1454392217,13,0
1454392221,13,0
1454392225,13,0
1454392228,13,0
1454392442,13,0
1454392455,13,0
1454392520,29,0
1454392616,8,0
1454392948,8,0
1454393026,13,0
1454393170,13,0
1454393197,8,0
1454393206,8,0
1454394665,13,0
1454394674,13,0
1454394691,13,0
1454395148,13,0
1454395810,15,0
1454395821,15,0
1454395831,15,0
1454396023,13,0
1454396044,8,0
1454396052,8,0
1454396080,13,0
1454396938,15,0
1454397438,21,0
1454397450,2,0
1454397471,21,0
1454398329,13,0
1454398377,33,0
1454399672,13,0
1454399709,13,0
1454399892,13,0
1454399895,13,0
1454399936,13,0
1454399983,13,0
1454400097,13,0
1454400499,13,0
1454400548,13,0
1454400603,13,0
1454400646,13,0
1454401209,13,0
1454402135,21,0
1454402537,17,0
1454403046,13,0
1454404734,48,0
1454405059,48,0
1454405345,48,0
1454405629,17,0
1454406152,17,0
1454406300,17,0
1454406321,17,0
1454407138,17,0
1454425269,13,0
1454432439,29,0
1454441071,25,0
1454441493,33,0
1454441543,33,0
1454441602,25,0
1454441620,25,0
1454441765,25,0
1454441766,25,0
1454448272,13,0
1454448659,8,0
1454448669,8,0
1454448731,8,0
1454448745,8,0
1454450277,33,0
1454450485,37,0
1454450889,8,0
1454450898,8,0
1454451580,17,0
1454451606,8,0
1454451713,8,0
1454452741,32,0
1454453299,25,0
1454455302,25,0
1454456381,13,0
1454460768,25,0
1454463814,25,0
1454465664,3,0
1454467107,13,0
1454468091,37,0
1454468321,17,0
1454468356,17,0
1454468816,13,0
1454468845,13,0
1454469645,13,0
1454470670,37,0
1454470947,13,0
1454471622,17,0
1454471935,48,0
1454477004,32,0
1454477386,17,0
1454477843,8,0
1454478544,8,0
1454478608,13,0
1454478650,13,0
1454478718,8,0
1454478769,13,0
1454478777,13,0
1454478828,13,0
1454478904,13,0
1454478907,8,0
1454478933,8,0
1454478940,25,0
1454478988,13,0
1454479027,8,0
1454479445,8,0
1454479504,8,0
1454479524,8,0
1454479687,29,0
1454479758,13,0
1454479947,8,0
1454480138,8,0
1454480357,8,0
1454480448,8,0
1454480485,8,0
1454480516,8,0
1454481668,8,0
1454481675,8,0
1454482388,13,0
1454483617,8,0
1454483679,8,0
1454483804,8,0
1454484286,8,0
1454484422,8,0
1454484541,13,0
1454484611,13,0
1454484930,15,0
1454484940,15,0
1454484945,15,0
1454485003,13,0
1454485097,15,0
1454485292,13,0
1454485365,13,0
1454485506,15,0
1454486275,13,0
1454486539,13,0
1454487094,13,0
1454487731,13,0
1454487764,13,0
1454487852,13,0
1454487883,13,0
1454488057,17,0
1454488441,13,0
1454489758,24,0
1454489915,24,0
1454490020,24,0
1454490030,24,0
1454490133,24,0
1454490193,24,0
1454490430,24,0
1454490436,24,0
1454490544,48,0
1454490864,24,0
1454490998,24,0
1454491181,48,0
1454491234,48,0
1454492833,17,0
1454494331,17,0
1454495075,15,0
1454495121,15,0
1454495136,15,0
1454495176,15,0
1454495183,15,0
1454496507,37,0
1454496544,37,0
1454497653,37,0
1454497862,24,0
1454498142,37,0
1454498301,24,0
1454498313,24,0
1454498418,10,0
1454498435,24,0
1454498879,10,0
1454498915,24,0
1454499405,10,0
1454499416,10,0
1454499509,24,0
1454501922,15,0
1454501977,15,0
1454501987,15,0
1454512993,51,0
1454519703,15,0
1454519710,15,0
1454519711,15,0
1454520262,29,0
1454520655,29,0
1454523756,48,0
1454525144,48,0
1454543743,10,0
1454544005,10,0
1454547434,13,0
1454550123,48,0
1454550194,48,0
1454551078,32,0
1454552607,39,0
1454552842,39,0
1454554350,13,0
1454555853,13,0
1454557248,25,1
1454557500,10,0
1454557584,48,0
1454557597,48,0
1454557874,13,0
1454558220,13,0
1454559745,1,0
1454560754,13,0
1454560755,29,0
1454561916,29,0
1454561981,29,0
1454562190,8,0
1454562293,13,0
1454562544,8,0
1454562557,8,0
1454562576,8,0
1454562604,8,0
1454562768,8,0
1454562801,8,0
1454562974,8,0
1454563038,8,0
1454563073,8,0
1454563303,8,0
1454563530,8,0
1454563572,8,1
1454564346,10,0
1454564664,8,0
1454564805,8,0
1454565200,8,0
1454565238,8,0
1454565491,13,0
1454565792,13,0
1454565795,8,0
1454566011,8,0
1454566025,8,0
1454566515,25,0
1454566516,13,0
1454567441,13,0
1454567444,13,0
1454567886,13,0
1454567901,13,0
1454568170,48,0
1454568234,13,0
1454568275,13,0
1454568862,13,0
1454568897,13,0
1454569364,13,0
1454569424,13,0
1454569575,13,1
1454569995,17,0
1454570076,17,0
1454570640,29,0
1454570677,13,0
1454570682,13,0
1454570736,13,0
1454570981,13,0
1454571240,13,0
1454571345,29,0
1454571377,13,0
1454571386,29,0
1454571587,13,0
1454571638,10,0
1454571763,29,0
1454571764,13,0
1454572026,10,0
1454572672,13,0
1454572816,13,0
1454573474,17,0
1454574473,24,0
1454574803,13,0
1454577654,29,0
1454577788,29,0
1454579770,24,0
1454581639,24,0
1454583463,10,0
1454589129,27,0
1454589151,27,0
1454589199,27,0
1454589205,27,0
1454589339,27,0
1454589369,17,0
1454617519,10,0
1454618604,13,0
1454619069,10,0
1454621638,20,0
1454622135,29,0
1454624276,15,0
1454624328,27,0
1454624390,15,0
1454624408,8,1
1454624419,8,0
1454624441,15,0
1454624454,8,0
1454624523,8,0
1454624823,15,0
1454624901,15,0
1454625559,27,0
1454625594,27,0
1454625764,27,0
1454627193,27,0
1454627255,27,0
1454629428,27,0
1454629460,27,0
1454630538,25,0
1454632817,27,0
1454632887,29,0
1454633258,32,0
1454636096,17,0
1454636651,27,0
1454636692,27,0
1454637484,17,0
1454637533,13,0
1454637540,13,0
1454637694,15,0
1454637709,15,0
1454637810,15,1
1454638198,15,0
1454638202,15,0
1454638672,15,0
1454638851,8,0
1454638860,8,0
1454638897,15,0
1454640017,15,0
1454640367,39,0
1454640746,15,0
1454641177,24,0
1454641183,24,0
1454641256,39,0
1454644679,13,0
1454644741,13,0
1454644978,13,1
1454645026,13,0
1454645028,13,0
1454645033,13,0
1454645778,8,0
1454645856,8,0
1454647348,17,0
1454648346,13,0
1454648449,13,0
1454648455,13,0
1454648607,8,0
1454649596,13,0
1454649970,13,0
1454650585,8,0
1454650592,8,0
1454650613,8,0
1454650642,8,0
1454650776,8,0
1454650782,8,0
1454650962,8,0
1454651040,8,0
1454652853,1,0
1454654189,13,0
1454654282,13,0
1454654702,13,0
1454655648,13,0
1454655707,13,0
1454656073,29,0
1454656349,48,0
1454657719,13,0
1454657726,13,0
1454657733,13,0
1454657938,29,0
1454657953,29,0
1454658209,27,0
1454658212,27,0
1454658540,13,0
1454658559,13,0
1454658772,8,0
1454658932,13,0
1454659844,13,0
1454660164,29,0
1454661002,13,0
1454661279,29,0
1454663688,13,0
1454666517,17,0
1454667365,21,0
1454669456,27,0
1454669462,27,0
1454669486,27,0
1454669491,27,0
1454669525,27,0
1454670112,21,0
1454670539,24,0
1454671030,27,0
1454671164,21,0
1454671394,21,0
1454671437,24,0
1454671493,21,0
1454671525,21,0
1454671580,21,0
1454671630,21,0
1454671654,21,0
1454671738,21,0
1454673291,48,0
1454677933,15,0
1454677981,15,0
1454681725,17,0
1454681740,17,0
1454681826,17,0
1454682073,17,0
1454687400,17,0
1454687518,17,0
1454700087,28,0
1454700167,28,0
1454700266,28,0
1454704197,10,0
1454704363,10,0
1454704883,20,0
1454705600,8,0
1454707474,27,0
1454708388,8,0
1454708430,8,0
1454708451,8,0
1454708518,8,0
1454710316,8,0
1454712543,8,0
1454712633,8,0
1454713519,25,0
1454714138,2,0
1454717997,17,0
1454719609,51,0
1454720130,27,0
1454721972,8,0
1454723041,37,0
1454724678,27,0
1454725204,27,0
1454728441,13,0
1454728448,13,0
1454728932,8,0
1454729009,8,0
1454729100,8,0
1454730331,8,0
1454730600,17,0
1454730844,8,0
1454731091,27,0
1454732261,8,0
1454732474,17,0
1454732514,13,0
1454732551,17,0
1454732619,13,0
1454733609,29,0
1454733933,13,0
1454733940,13,0
1454734991,29,0
1454737895,33,0
1454741230,47,0
1454741927,25,0
1454742097,24,0
1454742321,24,0
1454742504,8,0
1454742763,25,0
1454742764,25,0
1454742944,29,0
1454743340,29,0
1454744453,29,0
1454746194,21,0
1454747851,21,0
1454747908,21,0
1454748802,21,0
1454749313,13,0
1454749353,13,0
1454752628,24,0
1454755318,21,0
1454755838,21,0
1454756451,37,0
1454756675,29,0
1454756744,29,0
1454756800,29,0
1454756889,32,0
1454761617,37,0
1454773734,25,0
1454782897,13,0
1454782931,13,0
1454784875,13,0
1454784892,13,0
1454784963,13,0
1454785514,51,0
1454786369,51,0
1454786823,28,0
1454786956,28,0
1454787040,28,0
1454787430,21,0
1454787533,38,0
1454790359,8,0
1454790445,8,0
1454791133,13,0
1454791151,13,0
1454791163,13,0
1454792833,8,0
1454793378,28,0
1454794722,8,0
1454794784,8,0
1454794854,8,0
1454794989,8,0
1454794999,8,0
1454795045,8,0
1454795094,8,0
1454795875,8,0
1454797156,8,0
1454797184,8,0
1454799284,17,0
1454799569,8,0
1454799596,8,0
1454799648,8,0
1454799740,8,0
1454799967,8,0
1454800240,8,0
1454803138,13,0
1454804766,17,0
1454806411,10,0
1454807131,10,0
1454807518,25,0
1454807597,10,0
1454809864,13,0
1454809882,13,0
1454811322,13,0
1454811343,27,0
1454811360,27,0
1454813460,13,0
1454813850,33,0
1454816523,10,0
1454817102,20,0
1454817135,20,0
1454817220,20,0
1454817283,20,0
1454817522,20,0
1454818177,20,0
1454818309,20,0
1454818651,8,0
1454818720,8,0
1454819018,27,0
1454819470,8,0
1454819691,20,0
1454820005,29,0
1454820099,20,0
1454820132,20,0
1454820915,8,0
1454820957,8,0
1454821623,10,0
1454824110,10,0
1454824179,10,0
1454827697,28,0
1454828358,48,0
1454828427,25,0
1454828541,17,0
1454829255,10,0
1454830570,25,0
1454830712,25,0
1454830736,25,0
1454830801,25,0
1454831161,13,0
1454831302,25,0
1454831327,13,0
1454831368,13,0
1454831452,13,0
1454831462,13,0
1454831651,13,0
1454831732,13,0
1454831734,25,0
1454831909,13,0
1454831913,13,0
1454832038,13,0
1454832073,25,0
1454832189,25,0
1454832228,13,0
1454832418,13,0
1454832605,25,0
1454832641,13,0
1454833177,25,0
1454833288,27,0
1454833294,27,0
1454833295,25,0
1454833302,27,0
1454833311,27,0
1454834570,13,0
1454835735,27,0
1454835862,13,0
1454837967,24,0
1454838448,21,0
1454838547,21,0
1454839115,27,0
1454839124,27,0
1454839127,27,0
1454839405,24,0
1454842647,21,0
1454842906,15,0
1454843306,24,0
1454843322,24,0
1454843325,24,0
1454843342,24,0
1454843392,24,0
1454843396,24,0
1454843408,24,0
1454843420,24,0
1454843432,24,0
1454843452,24,0
1454843456,24,0
1454843469,24,0
1454843479,24,0
1454843489,24,0
1454844277,15,0
1454844355,15,0
1454845232,27,0
1454845274,27,0
1454845533,24,0
1454846342,27,0
1454846367,27,0
1454848078,24,0
1454848093,24,0
1454848528,29,0
1454850973,17,0
1454856609,17,0
1454856752,25,0
1454857291,25,0
1454857318,25,0
1454857350,25,0
1454857536,25,0
1454857689,25,0
1454868723,13,0
1454868772,13,0
1454869730,32,0
1454873734,15,0
1454873963,15,0
1454874033,15,0
1454875599,13,0
1454876176,32,0
1454878857,13,0
1454879272,8,0
1454879305,13,0
1454879816,8,0
1454880015,48,0
1454880147,32,0
1454880158,8,0
1454880376,8,0
1454880389,8,0
1454880417,17,0
1454880453,8,0
1454880475,13,0
1454880629,8,0
1454880689,8,0
1454880698,8,0
1454880863,8,0
1454880950,8,0
1454880955,8,0
1454881333,13,0
1454881350,13,0
1454881762,20,0
1454881905,20,0
1454883608,29,0
1454883663,29,0
1454883727,29,0
1454883765,29,0
1454887696,24,0
1454887706,24,0
1454887730,24,0
1454887765,24,0
1454888996,8,0
1454890009,29,0
1454891242,48,0
1454891430,48,0
1454891609,8,0
1454892248,8,0
1454892488,8,0
1454892516,8,0
1454892986,10,0
1454893804,24,0
1454893847,27,0
1454893901,27,0
1454893921,27,0
1454894004,27,0
1454894116,27,0
1454894631,27,0
1454894962,13,0
1454896099,27,0
1454898824,29,0
1454899154,20,0
1454899644,13,0
1454900484,27,0
1454900653,51,0
1454900925,15,0
1454900935,15,0
1454900950,15,0
1454901033,15,0
1454901510,51,0
1454901828,25,0
1454902191,51,0
1454902214,51,0
1454902447,39,0
1454902488,39,0
1454902826,8,0
1454902884,39,0
1454902894,8,0
1454902955,39,0
1454903984,39,0
1454904045,39,0
1454904226,39,0
1454904254,27,0
1454904308,27,0
1454904322,51,0
1454904337,39,0
1454904401,39,0
1454904466,39,0
1454904536,39,0
1454904564,39,0
1454904589,39,0
1454904702,39,0
1454904724,20,0
1454904735,20,0
1454904748,39,0
1454904768,39,0
1454904868,39,0
1454904895,20,0
1454904904,39,0
1454904948,39,0
1454905001,20,0
1454905050,39,0
1454905060,20,0
1454905078,20,0
1454905086,20,0
1454905107,39,0
1454905127,27,0
1454905147,39,0
1454905156,39,0
1454905169,39,0
1454905230,39,0
1454905240,39,0
1454905329,39,0
1454905337,39,0
1454905357,39,0
1454905364,39,0
1454905366,39,0
1454905426,39,0
1454905479,27,0
1454905489,27,0
1454905520,8,0
1454905847,39,0
1454905911,20,0
1454905986,13,0
1454906002,20,0
1454906049,20,0
1454906116,20,0
1454906119,39,0
1454906126,20,0
1454906209,39,0
1454906271,39,0
1454906305,39,0
1454906363,20,0
1454906410,39,0
1454906440,29,0
1454906606,13,0
1454906609,13,0
1454906626,13,0
1454906713,39,0
1454906985,20,0
1454907106,39,0
1454907144,39,0
1454907168,39,0
1454907315,39,0
1454907511,20,0
1454907553,39,0
1454907564,20,0
1454907580,39,0
1454907617,20,0
1454907675,20,0
1454907721,39,0
1454907747,20,0
1454908117,20,0
1454908777,13,0
1454908825,27,0
1454908858,13,0
1454908960,8,0
1454909110,37,0
1454909254,39,0
1454909315,39,0
1454909329,47,0
1454909430,39,0
1454909482,39,0
1454909542,39,0
1454909614,39,0
1454909635,39,0
1454910052,39,0
1454910073,39,0
1454910091,39,0
1454910112,39,0
1454910135,39,0
1454910183,39,0
1454910204,39,0
1454910222,39,0
1454910278,39,0
1454910292,39,0
1454910358,39,0
1454910464,39,0
1454910503,39,0
1454910507,39,0
1454910510,39,0
1454910678,13,0
1454910707,39,0
1454910752,39,0
1454910789,39,0
1454910872,39,0
1454910922,39,0
1454910986,13,0
1454910991,39,0
1454911042,13,0
1454911053,39,0
1454911100,39,0
1454911179,39,0
1454911187,39,0
1454911199,39,0
1454911219,39,0
1454911275,39,0
1454911310,39,0
1454911395,39,0
1454911414,39,0
1454911550,39,0
1454911808,39,0
1454911828,39,0
1454911853,39,0
1454912025,39,0
1454912082,39,0
1454912166,39,0
1454912205,39,0
1454912264,39,0
1454912485,39,0
1454912642,25,0
1454912779,25,0
1454912972,13,0
1454913219,39,0
1454913310,39,0
1454913329,25,0
1454913418,39,0
1454913432,39,0
1454913448,39,0
1454913514,39,0
1454913565,39,0
1454913602,27,0
1454913752,20,0
1454913777,13,0
1454913838,27,0
1454913853,27,0
1454913881,20,0
1454913951,13,0
1454913952,20,0
1454914130,25,0
1454914131,25,0
1454914338,27,0
1454914610,24,0
1454914617,24,0
1454915099,8,0
1454915194,13,0
1454915449,39,0
1454915498,39,0
1454915819,39,0
1454915824,39,0
1454915901,39,0
1454915915,17,0
1454915937,39,0
1454915953,8,0
1454915955,39,0
1454915961,8,0
1454915968,8,0
1454915972,8,0
1454916174,13,0
1454916191,13,0
1454916201,13,0
1454916249,13,0
1454916252,13,0
1454916275,13,0
1454916277,13,0
1454916432,39,0
1454916438,39,0
1454916443,13,0
1454916460,39,0
1454916472,20,0
1454917302,13,0
1454917769,2,0
1454918226,27,0
1454918229,27,0
1454918234,27,0
1454918454,27,0
1454918458,20,0
1454918470,27,0
1454918487,27,0
1454918491,27,0
1454918496,27,0
1454918499,27,0
1454918561,20,0
1454918600,20,0
1454918795,39,0
1454918945,27,0
1454918951,27,0
1454918954,27,0
1454918958,27,0
1454918980,27,0
1454918982,27,0
1454918986,27,0
1454918990,27,0
1454918999,27,0
1454919003,27,0
1454919011,27,0
1454919893,27,0
1454919927,27,0
1454919934,27,0
1454919941,27,0
1454919945,27,0
1454919949,27,0
1454919968,27,0
1454919970,27,0
1454919982,27,0
1454920012,27,0
1454920021,27,0
1454920029,27,0
1454920035,27,0
1454920044,27,0
1454920413,10,0
1454920508,27,0
1454920515,27,0
1454920529,27,0
1454920539,27,0
1454920554,27,0
1454920569,27,0
1454920573,27,0
1454920736,27,0
1454920777,27,0
1454920809,27,0
1454920818,27,0
1454920824,27,0
1454920827,27,0
1454920840,27,0
1454921033,27,0
1454921047,27,0
1454921063,27,0
1454921369,48,0
1454921847,27,0
1454921862,27,0
1454921867,27,0
1454921880,20,0
1454921891,27,0
1454921896,20,0
1454921910,27,0
1454921913,27,0
1454921927,27,0
1454921936,27,0
1454921947,27,0
1454921950,27,0
1454921999,20,0
1454922041,27,0
1454922555,39,0
1454922582,39,0
1454922599,48,0
1454922666,39,0
1454922669,39,0
1454922689,39,0
1454922713,48,0
1454922732,39,0
1454922751,39,0
1454922771,39,0
1454922790,39,0
1454922888,39,0
1454922911,39,0
1454922946,39,0
1454922951,39,0
1454922966,39,0
1454923134,39,0
1454923237,39,0
1454923247,39,0
1454923360,39,0
1454923372,39,0
1454923381,39,0
1454923414,39,0
1454923512,21,0
1454923665,27,0
1454923729,27,0
1454923748,27,0
1454923753,27,0
1454923758,27,0
1454923782,27,0
1454923889,27,0
1454923893,27,0
1454923902,27,0
1454923905,27,0
1454923958,27,0
1454924257,48,0
1454924291,24,0
1454924308,24,0
1454924322,24,0
1454924754,20,0
1454924773,20,0
1454924888,10,0
1454925125,39,0
1454925264,27,0
1454925376,27,0
1454925965,2,0
1454926287,20,0
1454926316,20,0
1454926399,20,0
1454926917,27,0
1454928494,27,0
1454929176,33,0
1454930310,27,0
1454930324,27,0
1454930333,27,0
1454931068,27,0
1454931087,27,0
1454931253,27,0
1454931438,27,0
1454931455,27,0
1454931553,27,0
1454931646,27,0
1454934845,27,0
1454935891,27,0
1454942446,25,1
1454957534,13,0
1454965420,27,0
1454965430,27,0
1454965434,27,0
1454965454,27,0
1454966171,25,0
1454967215,27,0
1454968789,27,0
1454968847,8,0
1454968853,8,0
1454968857,8,0
1454968857,8,0
1454968865,8,0
1454968935,8,0
1454968984,27,0
1454968990,8,0
1454969021,8,0
1454969032,8,0
1454969114,8,0
1454971701,8,0
1454971980,29,0
1454973478,27,0
1454974122,17,0
1454974222,32,0
1454974939,27,0
1454976245,24,0
1454976305,24,0
1454976965,27,0
1454976985,27,0
1454977355,17,0
1454978639,32,0
1454980865,10,0
1454981335,27,0
1454982452,32,0
1454983765,51,0
1454983786,51,0
1454983911,51,0
1454986236,20,0
1454986271,1,0
1454986357,29,0
1454986374,20,0
1454986497,20,0
1454986535,20,0
1454986746,15,0
1454986777,15,0
1454986793,15,0
1454988925,27,0
1454989140,27,0
1454989328,15,0
1454989346,15,0
1454989392,27,0
1454989854,37,0
1454991222,24,0
1454991440,24,0
1454991526,24,0
1454991837,13,0
1454992177,13,0
1454992211,13,0
1454994592,8,0
1454994594,13,0
1454994621,13,0
1454994672,8,0
1454995169,37,0
1454995852,25,0
1454996113,24,0
1454996115,8,0
1454996132,8,0
1454996148,8,0
1454996199,25,0
1454996199,25,0
1454996225,8,0
1454996356,13,0
1454996368,8,0
1454996405,8,0
1454996413,13,0
1454996541,24,0
1454996757,21,0
1454996987,8,0
1454996991,8,0
1454998042,25,0
1454998271,1,0
1454998665,37,0
1454999747,1,0
1455000811,24,0
1455001042,25,0
1455001048,24,0
1455001071,24,0
1455001090,24,0
1455001104,24,0
1455001111,24,0
1455001137,24,0
1455001158,24,0
1455001170,24,0
1455001201,24,0
1455001242,24,0
1455001252,24,0
1455001926,24,0
1455001939,24,0
1455001947,24,0
1455002256,17,0
1455002395,21,0
1455003087,13,0
1455003338,29,0
1455003610,29,0
1455004024,29,0
1455004083,29,0
1455004140,29,0
1455005904,15,0
1455007371,20,0
1455007541,27,0
1455007591,27,0
1455008260,27,0
1455008403,27,0
1455008447,1,0
1455008884,27,0
1455008926,27,0
1455009455,21,0
1455013310,27,0
1455013328,27,0
1455013506,27,0
1455013523,24,0
1455013544,27,0
1455013570,27,0
1455013750,24,0
1455013873,24,0
1455013880,24,0
1455014072,27,0
1455014132,27,0
1455015659,27,0
1455016160,24,0
1455016169,24,0
1455017283,24,0
1455017293,24,0
1455017303,24,0
1455018882,32,1
1455018977,32,1
1455019130,32,1
1455019191,17,1
1455033547,25,0
1455041544,48,0
1455043219,28,0
1455043813,28,0
1455045555,8,0
1455045576,28,0
1455050598,25,0
1455050626,25,0
1455051210,24,0
1455053117,27,0
1455053127,27,0
1455053580,27,0
1455055540,32,0
1455055638,32,0
1455055787,25,0
1455056537,29,0
1455056747,24,0
1455056813,24,0
1455056825,24,0
1455056970,24,0
1455057731,29,0
1455058507,27,0
1455058980,29,0
1455060341,28,0
1455060798,51,0
1455060806,51,0
1455062541,27,0
1455063468,33,0
1455066767,22,0
1455066858,24,0
1455066896,24,0
1455066914,24,0
1455067263,15,0
1455068565,8,0
1455068966,13,0
1455069032,15,0
1455069037,24,0
1455069132,15,0
1455069169,24,0
1455069470,15,0
1455071463,13,0
1455071469,13,0
1455071739,22,0
1455071865,22,0
1455073395,48,0
1455073893,33,0
1455077084,48,0
1455077104,48,0
1455078038,27,0
1455078315,22,0
1455078322,8,0
1455078336,8,1
1455078380,8,0
1455078527,29,0
1455078532,29,0
1455078581,22,0
1455078625,22,0
1455078775,22,0
1455078775,48,1
1455079825,25,0
1455080004,27,0
1455080270,8,0
1455080289,8,0
1455080319,8,0
1455080501,8,0
1455080554,8,1
1455080625,8,0
1455080694,8,0
1455080767,22,0
1455080781,8,0
1455080972,8,0
1455080983,22,0
1455081030,22,0
1455081064,8,0
1455081161,22,0
1455081213,33,0
1455081281,25,0
1455081301,33,0
1455081401,25,0
1455081428,22,0
1455081490,25,0
1455081647,25,0
1455081691,25,0
1455081873,8,0
1455082104,25,0
1455082430,22,0
1455082771,25,0
1455082851,25,0
1455084012,33,0
1455084986,8,0
1455085073,8,0
1455085088,8,0
1455085420,8,0
1455085450,8,0
1455085455,8,0
1455085578,25,0
1455085580,8,0
1455085678,8,0
1455085809,8,0
1455085831,8,0
1455086072,8,0
1455086569,25,0
1455087103,8,0
1455088474,8,0
1455088500,8,0
1455088527,8,1
1455088602,13,0
1455088695,8,0
1455088734,8,0
1455089876,8,0
1455089915,8,0
1455090967,27,0
1455090977,27,0
1455090988,27,0
1455091651,29,0
1455092517,24,0
1455092524,24,0
1455092592,24,0
1455092628,24,0
1455093165,29,0
1455093838,17,0
1455094113,22,0
1455094441,22,0
1455094984,24,0
1455095327,24,0
1455095453,24,0
1455095470,24,0
1455095484,24,0
1455095487,15,0
1455095552,15,0
1455095602,15,0
1455095642,15,0
1455095912,22,0
1455095949,24,0
1455096353,37,0
1455096987,10,0
1455098441,27,0
1455098468,27,0
1455098527,22,0
1455098695,29,0
1455098833,29,0
1455099383,29,0
1455101750,24,0
1455102761,33,0
1455104733,24,0
1455104781,24,0
1455105228,24,0
1455105256,24,0
1455105753,10,0
1455105952,22,0
1455105976,22,0
1455106574,22,0
1455106634,22,0
1455106799,32,0
1455107388,15,0
1455107430,15,0
1455108179,15,0
1455108719,22,0
1455108848,32,0
1455108875,22,0
1455108962,22,0
1455115074,32,0
1455118806,13,0
1455119658,29,0
1455125519,8,0
1455125592,8,0
1455131885,48,1
1455135172,48,0
1455137021,25,0
1455138225,29,0
1455138265,29,0
1455138345,10,0
1455138558,1,0
1455138614,48,0
1455142636,24,0
1455142655,24,0
1455142689,24,0
1455142822,22,0
1455144420,25,0
1455144583,25,0
1455146333,29,0
1455146525,17,0
1455146631,29,0
1455146976,29,0
1455147788,27,0
1455148359,17,0
1455149222,25,0
1455150016,29,0
1455151082,22,0
1455151238,22,0
1455151381,48,0
1455152020,13,0
1455152118,13,0
1455152517,17,0
1455153787,27,0
1455153941,27,0
1455153961,27,0
1455156991,13,0
1455157129,13,0
1455159623,48,0
1455159714,48,1
1455160937,10,0
1455163450,8,0
1455163551,29,0
1455163662,29,0
1455163764,8,0
1455164187,20,0
1455165239,29,0
1455165296,29,0
1455167689,8,0
1455167913,48,0
1455167993,48,0
1455168209,27,0
1455168238,27,0
1455168253,27,0
1455168273,27,0
1455168653,8,0
1455168918,8,0
1455168919,13,0
1455169001,13,0
1455169192,13,0
1455169245,13,0
1455169255,13,0
1455169270,33,0
1455169323,25,1
1455169342,13,0
1455169358,13,0
1455169400,13,0
1455169853,27,0
1455169887,27,0
1455170048,8,0
1455170102,8,1
1455170506,25,0
1455170533,25,0
1455170647,25,0
1455170697,25,0
1455170735,48,0
1455170795,25,0
1455170823,48,0
1455170838,48,0
1455170901,25,0
1455170968,25,1
1455171023,8,0
1455171047,8,0
1455171067,8,0
1455171140,8,0
1455171146,25,0
1455171200,13,0
1455171217,25,0
1455171339,25,0
1455171353,8,0
1455171356,8,0
1455171371,8,0
1455171496,25,1
1455171676,8,0
1455171737,25,0
1455171767,25,0
1455171818,25,0
1455171843,25,0
1455172313,8,1
1455172562,25,0
1455172747,48,1
1455172780,25,0
1455172871,25,1
1455173267,25,0
1455173436,27,0
1455173463,27,0
1455173514,27,0
1455173519,27,0
1455173733,27,0
1455173741,27,0
1455173788,27,0
1455174008,25,0
1455174169,27,0
1455174187,27,0
1455174256,25,0
1455174263,25,0
1455175132,25,0
1455175237,28,0
1455175321,10,1
1455175376,25,0
1455176863,13,0
1455176882,13,0
1455178737,48,0
1455179013,10,0
1455179195,10,0
1455179798,27,0
1455179895,27,0
1455179932,27,0
1455182374,24,0
1455182487,24,0
1455182532,24,0
1455182556,24,0
1455182574,24,0
1455183131,21,0
1455183388,29,0
1455183420,29,0
1455183450,13,0
1455183518,27,0
1455184745,48,0
1455184768,48,0
1455184855,48,0
1455184886,48,0
1455185423,48,0
1455185704,22,0
1455186143,22,0
1455186383,22,0
1455189093,27,0
1455189127,27,0
1455189161,27,0
1455189202,27,0
1455189303,24,0
1455189313,27,0
1455189732,22,0
1455190155,24,0
1455190179,24,0
1455191073,24,0
1455191084,24,0
1455196159,25,0
1455198315,25,0
1455214501,25,0
1455214647,25,0
1455214850,51,0
1455215209,28,0
1455215229,28,0
1455219437,32,0
1455222978,25,0
1455223579,48,0
1455224330,17,0
1455224747,32,0
1455225146,48,0
1455225790,25,0
1455227442,25,0
1455227511,25,0
1455229097,24,0
1455229143,24,0
1455229372,25,0
1455229527,25,0
1455230093,25,0
1455230238,25,0
1455230240,25,0
1455230322,25,1
1455230465,25,1
1455230702,25,0
1455230746,25,0
1455230772,25,0
1455231195,25,0
1455231304,25,0
1455231346,25,0
1455231446,25,0
1455231528,25,0
1455234616,24,0
1455235358,24,0
1455235891,24,0
1455236133,25,0
1455236397,24,0
1455236791,8,1
1455236986,8,1
1455237013,8,0
1455237559,8,0
1455237639,29,0
1455241228,27,0
1455241235,27,0
1455241253,27,0
1455241269,32,1
1455242341,51,0
1455243143,51,0
1455243300,22,0
1455243601,22,0
1455243819,25,0
1455244136,25,0
1455244279,8,0
1455244303,8,0
1455244428,22,0
1455245256,25,0
1455245639,8,0
1455245654,8,0
1455245692,8,0
1455245808,8,0
1455245922,8,0
1455246315,8,0
1455246710,32,0
1455246757,32,0
1455247706,17,0
1455247733,32,0
1455247763,17,0
1455248547,17,0
1455249300,8,0
1455249321,8,0
1455249473,8,0
1455249483,32,0
1455249487,8,0
1455249493,25,0
1455249601,22,0
1455249608,8,0
1455250034,33,0
1455250534,25,0
1455250536,25,1
1455250761,22,0
1455251078,32,0
1455251251,32,0
1455251428,32,0
1455251438,25,0
1455252188,32,0
1455252305,22,0
1455252519,27,0
1455252602,32,0
1455252770,13,0
1455252775,13,0
1455252793,13,0
1455252797,13,0
1455252839,13,0
1455252870,13,0
1455252905,13,0
1455252909,13,0
1455252912,13,0
1455252922,13,0
1455252934,13,0
1455253505,25,0
1455254354,13,0
1455254422,25,0
1455254508,25,0
1455254792,25,0
1455256154,25,0
1455258277,25,0
1455258499,32,0
1455258561,32,0
1455258607,25,0
1455258964,25,0
1455258996,13,0
1455259017,13,0
1455259030,13,0
1455259037,13,0
1455260504,39,0
1455260603,13,0
1455260798,17,0
1455260826,17,0
1455262799,24,0
1455263105,24,0
1455264322,27,0
1455264393,27,0
1455265578,29,0
1455265609,29,0
1455265781,22,0
1455265783,22,0
1455265833,22,0
1455265909,22,0
1455266002,29,0
1455266115,22,0
1455266124,22,0
1455266200,22,0
1455267250,24,0
1455267618,24,0
1455267914,17,0
1455268048,2,0
1455268569,24,0
1455269363,17,0
1455269855,10,0
1455272456,32,1
1455273051,32,0
1455278390,10,0
1455280513,22,0
1455280554,22,0
1455283818,13,0
1455284863,22,0
1455285240,22,0
1455285681,22,0
1455285699,17,0
1455285709,22,0
1455285712,22,0
1455288984,28,0
1455294055,25,0
1455294396,25,0
1455294545,25,0
1455294640,25,0
1455294991,25,0
1455295003,25,0
1455295108,25,0
1455295507,25,0
1455295565,25,0
1455295724,25,0
1455295860,25,0
1455296025,25,0
1455296325,25,0
1455296393,25,0
1455296508,25,0
1455296539,25,0
1455296598,17,0
1455296689,25,0
1455296858,25,0
1455296942,25,0
1455297056,25,0
1455299199,25,0
1455299270,25,0
1455300080,29,0
1455301062,28,0
1455301731,8,0
1455301807,8,0
1455301832,8,0
1455302938,28,1
1455304059,1,0
1455305272,28,0
1455305796,13,1
1455305799,13,1
1455305805,13,1
1455306100,13,0
1455306406,32,1
1455306588,32,1
1455308261,11,1
1455308280,11,1
1455308285,11,1
1455308340,11,0
1455308347,11,0
1455308437,11,0
1455308483,11,0
1455308488,11,0
1455308516,11,0
1455308531,11,0
1455310949,1,0
1455311003,48,1
1455311030,32,1
1455311145,32,1
1455311488,17,0
1455313183,25,0
1455313200,32,0
1455313413,25,0
1455313672,25,0
1455314234,25,0
1455315224,17,0
1455315704,25,0
1455315774,25,0
1455315873,25,0
1455316013,25,0
1455316071,25,0
1455316406,25,0
1455316609,25,1
1455316875,32,0
1455316894,25,0
1455317698,25,1
1455318126,25,0
1455320793,51,0
1455326261,48,0
1455326311,48,0
1455326682,25,1
1455328272,27,0
1455328328,27,0
1455328883,39,0
1455329896,25,0
1455330254,10,0
1455330376,25,0
1455330533,25,0
1455331022,25,0
1455331362,39,0
1455332374,22,0
1455333158,22,0
1455334029,51,0
1455334147,22,0
1455334149,22,0
1455334189,22,0
1455338234,25,0
1455338968,24,0
1455338972,24,0
1455339043,24,0
1455339231,24,0
1455339767,39,0
1455340263,39,0
1455340270,39,0
1455340410,39,0
1455340421,39,0
1455340688,11,0
1455340711,11,0
1455340719,11,0
1455340736,11,0
1455340745,11,0
1455340759,11,0
1455340804,11,0
1455340817,11,0
1455340822,11,0
1455340886,11,0
1455340918,51,0
1455342294,32,0
1455342426,13,0
1455342552,20,0
1455342809,29,0
1455343622,32,0
1455343659,32,0
1455343697,32,0
1455344739,8,1
1455344745,8,1
1455344749,8,0
1455344780,29,0
1455344798,29,0
1455345059,13,0
1455345224,8,0
1455345248,8,0
1455345276,8,0
1455345969,29,0
1455345990,8,0
1455346125,21,0
1455346126,8,0
1455347027,8,0
1455347071,29,0
1455347457,32,0
1455347540,32,0
1455347577,8,0
1455348730,32,0
1455348852,32,0
1455348866,21,0
1455350155,22,0
1455350246,22,0
1455350262,22,0
1455350272,22,0
1455350290,8,0
1455352027,8,0
1455352059,8,0
1455354525,27,0
1455354819,25,1
1455355032,22,0
1455355293,25,0
1455355478,27,0
1455356169,21,0
1455356388,25,0
1455359953,21,0
1455360420,24,0
1455361304,37,0
1455361430,22,0
1455364837,17,1
1455365229,38,0
1455366149,22,0
1455368214,39,1
1455368225,39,1
1455368231,39,1
1455368238,39,1
1455368244,39,1
1455368248,39,1
1455368261,39,1
1455368271,39,1
1455368273,39,1
1455368275,39,1
1455368277,39,1
1455368281,39,1
1455368284,39,1
1455368286,39,1
1455368287,39,1
1455368292,39,1
1455369704,1,0
1455369725,1,0
1455369761,1,0
1455369814,1,0
1455370242,25,0
1455371231,22,0
1455372222,17,0
1455372371,17,1
1455375032,17,0
1455375429,25,0
1455376152,25,0
1455376324,25,0
1455384259,32,1
1455384353,32,1
1455384359,32,1
1455384367,32,1
1455384402,32,1
1455394705,21,0
1455394923,32,0
1455395044,51,0
1455395077,51,0
1455395195,51,0
1455401036,22,0
1455401099,22,0
1455401457,22,0
1455401933,22,0
1455402004,22,0
1455402099,22,0
1455402111,22,0
1455402125,22,0
1455402268,22,0
1455402487,24,1
1455402698,24,1
1455404243,25,0
1455404438,25,0
1455405720,16,1
1455405784,39,0
1455405990,22,0
1455406091,16,1
1455406244,16,0
1455406330,16,0
1455406355,51,0
1455406448,51,0
1455406469,51,0
1455406511,51,0
1455406628,51,0
1455406718,16,0
1455409334,39,1
1455409843,33,0
1455411023,32,1
1455413273,51,0
1455413684,33,0
1455415294,22,0
1455416233,27,0
1455417431,32,0
1455417617,22,0
1455418891,32,0
1455419086,11,0
1455419112,11,0
1455419147,11,0
1455419179,11,0
1455419190,11,0
1455419204,11,0
1455419240,11,0
1455419245,11,0
1455419251,11,0
1455419256,11,0
1455419265,11,0
1455419279,11,0
1455419332,11,0
1455419484,48,0
1455419487,27,0
1455419566,8,0
1455420676,37,0
1455421241,27,0
1455421251,27,0
1455422302,22,0
1455422358,22,0
1455422362,22,0
1455422401,22,0
1455423326,22,0
1455423827,25,0
1455423960,25,0
1455424498,37,0
1455428326,25,0
1455428634,27,0
1455428678,27,0
1455428682,22,0
1455428715,27,0
1455429630,32,0
1455429662,32,0
1455430125,25,0
1455430251,25,0
1455430269,25,0
1455430413,13,0
1455430418,13,0
1455430428,13,0
1455430444,13,0
1455431194,13,0
1455431204,13,0
1455431210,13,0
1455431219,13,0
1455431468,25,0
1455431753,17,0
1455431780,13,0
1455431789,13,0
1455431792,13,0
1455432022,25,0
1455432110,13,0
1455432114,13,0
1455432117,13,0
1455432120,13,0
1455432123,13,0
1455432145,13,0
1455432186,13,0
1455432550,32,0
1455432572,13,0
1455432594,13,0
1455432613,13,0
1455432644,13,0
1455432668,39,0
1455432840,13,0
1455433215,13,0
1455433513,13,0
1455433774,13,0
1455434784,15,0
1455434956,29,0
1455435142,15,0
1455435306,15,0
1455435316,29,0
1455435380,15,0
1455435690,47,0
1455436058,25,0
1455436100,15,0
1455436232,25,0
1455436466,32,0
1455436497,32,0
1455437362,32,1
1455437814,22,0
1455438465,13,0
1455438477,13,0
1455439102,10,0
1455439647,22,0
1455440913,8,0
1455441043,17,0
1455441068,17,0
1455441083,17,0
1455441392,29,0
1455441586,24,0
1455441710,24,0
1455441928,24,0
1455442636,27,0
1455442656,27,0
1455442660,27,0
1455442673,27,0
1455442676,27,0
1455442692,27,0
1455442709,27,0
1455442719,27,0
1455442740,27,0
1455442848,27,0
1455442853,27,0
1455442872,27,0
1455442882,27,0
1455442886,27,0
1455442890,27,0
1455442892,27,0
1455442895,27,0
1455442925,27,0
1455443942,22,0
1455444283,24,0
1455444293,24,0
1455445247,24,0
1455446441,24,0
1455447540,21,0
1455448233,21,0
1455448603,10,0
1455448891,48,0
1455448909,48,0
1455451810,24,0
1455452334,24,0
1455452376,27,0
1455452385,27,0
1455452389,27,0
1455452424,27,0
1455452428,27,0
1455452932,24,0
1455453947,13,0
1455454667,13,1
1455454720,17,0
1455455425,25,0
1455455489,24,0
1455455491,24,0
1455455618,24,0
1455455631,24,0
1455455749,17,0
1455455781,17,0
1455455807,17,0
1455455880,24,0
1455456023,24,0
1455456115,24,0
1455456130,24,0
1455456263,17,0
1455456732,25,0
1455456863,17,0
1455456872,17,0
1455457118,17,0
1455457507,25,0
1455458679,27,0
1455459549,17,0
1455467600,25,0
1455467601,25,0
1455469867,25,0
1455469927,25,0
1455469986,25,0
1455470081,25,0
1455471135,21,0
1455474313,25,0
1455474317,25,0
1455474396,25,0
1455474733,11,0
1455474740,11,0
1455474747,11,0
1455474761,11,0
1455474807,11,0
1455474815,11,0
1455474822,11,0
1455474884,11,0
1455474895,11,0
1455474903,11,0
1455475790,25,0
1455478834,25,0
1455480758,51,0
1455480835,51,1
1455480856,51,1
1455480921,51,1
1455481014,51,0
1455482556,25,1
1455483515,29,0
1455483619,25,0
1455483742,13,0
1455484632,32,0
1455484851,32,0
1455485774,29,0
1455485803,13,0
1455485832,13,0
1455485840,13,0
1455486423,51,0
1455487643,32,0
1455488526,8,0
1455488585,32,0
1455488605,32,1
1455488621,48,0
1455488900,13,0
1455489160,22,0
1455489184,22,0
1455489261,13,0
1455489843,11,0
1455489855,11,0
1455489862,11,0
1455489944,11,0
1455489993,11,0
1455490046,11,0
1455490054,11,0
1455490058,11,0
1455490067,11,0
1455490071,11,0
1455490156,32,0
1455490166,1,0
1455490288,22,0
1455490347,32,0
1455490381,32,1
1455490414,32,1
1455490831,24,0
1455490910,24,1
1455491074,32,0
1455492090,48,0
1455492129,48,0
1455494262,13,0
1455495183,32,0
1455495788,32,0
1455496415,17,0
1455497114,33,0
1455497577,24,0
1455497628,10,0
1455497726,22,0
1455497817,22,0
1455497904,22,0
1455498103,25,1
1455498545,24,0
1455498827,32,0
1455500881,32,1
1455500897,22,0
1455500927,32,1
1455501307,17,0
1455501331,25,0
1455501402,25,0
1455501503,11,1
1455501669,25,0
1455501890,25,0
1455501900,25,0
1455502016,25,0
1455502136,8,0
1455502152,22,0
1455502153,22,0
1455502155,8,0
1455502160,8,0
1455502170,8,0
1455502298,8,0
1455502336,22,0
1455502337,8,0
1455502520,8,0
1455502665,22,0
1455502752,22,0
1455502997,13,0
1455503029,13,0
1455503610,22,0
1455503654,22,0
1455504394,24,0
1455504419,24,0
1455506490,32,0
1455506892,27,0
1455506928,22,0
1455507034,22,0
1455508748,27,0
1455509730,27,0
1455509733,27,0
1455509902,21,0
1455509941,21,0
1455509975,22,0
1455510125,32,0
1455510392,27,0
1455510534,22,0
1455510544,8,0
1455510863,32,0
1455511255,32,0
1455512445,2,0
1455513335,32,0
1455513850,22,0
1455513989,22,0
1455513990,22,0
1455513993,22,0
1455514125,32,0
1455515229,8,0
1455515569,20,0
1455515885,32,0
1455517737,22,0
1455518349,20,0
1455518437,20,0
1455518458,20,0
1455518463,20,0
1455518629,20,0
1455518741,13,0
1455518752,20,0
1455518792,13,0
1455518797,13,0
1455518827,13,0
1455518830,13,0
1455518876,13,0
1455518905,13,0
1455518934,10,0
1455518986,20,0
1455519092,10,0
1455519234,20,0
1455519280,20,0
1455519388,20,0
1455519505,20,0
1455519529,17,0
1455519646,20,0
1455519665,20,0
1455519834,15,0
1455519839,20,0
1455519851,15,0
1455520001,20,0
1455520019,20,0
1455520443,20,0
1455520487,20,0
1455521111,51,0
1455521297,24,0
1455521308,24,0
1455521312,24,0
1455521337,24,0
1455521510,51,0
1455522023,20,0
1455522054,29,0
1455522286,20,0
1455522565,20,0
1455522871,20,0
1455522892,20,0
1455522964,32,0
1455522978,20,0
1455523009,20,0
1455524248,20,0
1455524388,20,0
1455524514,20,0
1455524692,20,0
1455524722,20,0
1455524727,20,0
1455524745,20,0
1455524892,20,0
1455526153,17,0
1455528542,20,0
1455528610,20,0
1455528622,20,0
1455528626,20,0
1455528700,20,0
1455528764,29,0
1455528847,29,0
1455529011,32,1
1455529053,32,1
1455529092,32,1
1455529145,32,1
1455529153,32,1
1455529167,32,1
1455529231,32,1
1455529239,32,1
1455529245,32,1
1455529888,32,0
1455529898,32,0
1455530771,24,0
1455532982,2,0
1455533032,32,1
1455533068,32,1
1455533126,32,1
1455533172,32,1
1455533192,32,1
1455533277,32,1
1455533292,32,1
1455533294,32,1
1455533331,1,0
1455533455,32,0
1455533468,32,1
1455533476,32,1
1455533479,32,1
1455533483,32,1
1455533486,32,1
1455533488,32,1
1455533491,32,1
1455533528,24,0
1455533545,32,1
1455533570,32,1
1455533595,32,1
1455533658,24,0
1455533747,21,0
1455533785,21,0
1455533975,24,1
1455533981,24,1
1455533997,24,1
1455534014,24,1
1455534021,24,1
1455534355,24,0
1455534626,17,0
1455534658,17,1
1455534673,17,1
1455534728,17,1
1455536391,24,0
1455536581,32,1
1455537987,13,0
1455538874,27,0
1455539936,17,0
1455540117,17,0
1455540168,17,0
1455542071,32,0
1455542311,32,0
1455543312,13,0
1455543323,13,0
1455543332,13,0
1455543346,13,0
1455544173,20,0
1455544229,17,0
1455544230,20,0
1455544275,17,0
1455545903,22,0
1455550414,25,1
1455550428,25,0
1455550473,25,0
1455553072,13,1
1455558936,47,0
1455568419,51,0
1455569154,29,0
1455569195,29,0
1455569995,48,0
1455570222,48,0
1455570479,48,0
1455571910,13,0
1455572071,13,0
1455572189,8,0
1455572731,8,0
1455573563,14,0
1455575400,47,0
1455576401,25,0
1455577172,8,0
1455578919,29,0
1455579397,28,0
1455579560,32,0
1455581000,1,0
1455581100,16,1
1455581111,32,1
1455581114,32,1
1455581116,32,1
1455581122,32,1
1455581125,32,1
1455581128,32,1
1455581132,32,1
1455581140,32,1
1455581143,32,1
1455581148,32,1
1455581151,32,1
1455581185,32,1
1455581201,32,1
1455581204,32,1
1455581215,1,0
1455581253,32,1
1455581255,32,1
1455581257,32,1
1455581337,16,0
1455581543,16,0
1455582747,22,0
1455583157,22,0
1455583176,16,0
1455583500,24,0
1455583615,22,0
1455584041,22,0
1455584210,22,0
1455585252,16,0
1455585328,16,0
1455585820,22,0
1455586227,39,0
1455586903,29,0
1455587135,29,0
1455587139,29,0
1455587971,51,0
1455588352,51,0
1455589357,29,0
1455589468,25,0
1455589496,13,0
1455589582,25,1
1455589718,25,0
1455589774,25,1
1455590064,22,0
1455590065,22,0
1455590076,29,0
1455590094,22,0
1455590584,29,0
1455593409,51,0
1455595340,8,0
1455595812,11,0
1455595851,11,0
1455595860,11,0
1455595876,11,0
1455595980,11,0
1455595984,11,0
1455596006,11,0
1455596010,11,0
1455596016,11,0
1455596020,11,0
1455596235,51,0
1455596572,39,0
1455596860,1,0
1455596888,1,0
1455598194,32,1
1455598198,32,1
1455598202,32,1
1455598208,32,1
1455598211,32,1
1455598213,32,1
1455598215,32,1
1455598217,32,1
1455598221,32,1
1455598223,32,1
1455598225,32,1
1455598229,32,1
1455598417,22,0
1455598420,22,0
1455598423,22,0
1455598475,22,0
1455598477,22,0
1455598512,51,0
1455598667,22,0
1455598834,17,1
1455598910,17,0
1455600173,32,1
1455600997,24,0
1455601022,24,0
1455601031,24,0
1455601300,51,0
1455601629,24,0
1455601735,24,0
1455601915,51,0
1455602466,24,0
1455602524,33,0
1455602925,24,0
1455602938,24,0
1455602973,13,0
1455602986,25,1
1455603335,25,0
1455603491,25,1
1455603500,22,0
1455603526,24,0
1455603641,22,0
1455603646,13,0
1455603687,13,0
1455603723,13,0
1455603733,13,0
1455603774,13,0
1455603862,13,0
1455603874,13,0
1455603924,13,0
1455604244,13,0
1455604267,24,0
1455604517,22,0
1455604518,20,0
1455604645,20,0
1455604702,20,0
1455604855,13,0
1455605020,20,0
1455605043,20,0
1455605149,20,0
1455605425,24,0
1455605437,13,0
1455605447,20,0
1455605509,13,0
1455605614,13,0
1455605677,24,0
1455605682,24,0
1455605690,24,0
1455605691,24,0
1455605702,13,0
1455605707,20,0
1455605713,22,0
1455605721,24,0
1455605723,13,0
1455605743,20,0
1455605944,13,0
1455606002,13,0
1455606004,27,0
1455606014,27,0
1455606481,13,0
1455606566,13,0
1455606744,20,0
1455607250,13,0
1455607289,13,0
1455607508,13,0
1455607612,20,0
1455607639,13,1
1455607876,20,0
1455607897,20,0
1455608021,13,0
1455608739,20,0
1455608812,20,0
1455608995,13,0
1455609104,13,0
1455609217,13,0
1455609234,13,0
1455609271,13,0
1455609441,24,0
1455609451,24,0
1455609453,24,0
1455609689,13,0
1455609786,20,0
1455609811,20,0
1455609868,20,0
1455609953,13,0
1455610751,20,0
1455610792,22,0
1455610812,20,0
1455610835,20,0
1455611071,20,0
1455611177,20,0
1455611287,20,0
1455611318,20,0
1455611379,20,0
1455611493,20,0
1455611539,20,0
1455611549,20,0
1455611565,20,0
1455611569,20,0
1455611591,20,0
1455611602,20,0
1455611606,20,0
1455611611,20,0
1455611617,20,0
1455611624,20,0
1455612208,20,0
1455612319,20,0
1455612332,20,0
1455612696,13,0
1455612728,13,0
1455612932,13,0
1455612932,20,0
1455613008,13,0
1455613010,13,0
1455613361,13,0
1455613387,13,0
1455613403,13,0
1455613425,13,0
1455613519,13,0
1455613533,13,0
1455613539,13,0
1455613555,13,0
1455613635,13,0
1455613669,13,0
1455613742,13,0
1455613788,13,0
1455613841,13,0
1455613974,13,0
1455613997,24,0
1455614005,13,0
1455614033,13,0
1455614072,13,0
1455614643,20,0
1455614657,48,1
1455614691,48,0
1455614762,32,1
1455614975,13,0
1455614986,48,0
1455614990,13,0
1455615003,20,0
1455615006,48,0
1455615009,13,0
1455615039,13,0
1455615049,48,0
1455615123,13,0
1455615897,48,0
1455615901,48,0
1455615961,48,0
1455616064,48,0
1455616129,48,0
1455616229,48,0
1455616282,48,0
1455616297,48,0
1455616406,32,0
1455616407,48,0
1455616428,13,0
1455616478,48,0
1455616513,13,0
1455616514,48,0
1455616559,13,0
1455616608,48,0
1455616627,48,0
1455616642,13,0
1455616659,13,0
1455616674,48,0
1455616694,13,0
1455616759,48,0
1455616930,13,0
1455617181,10,0
1455617376,20,0
1455617705,22,0
1455618126,20,0
1455618297,48,0
1455619232,27,0
1455619262,27,0
1455620527,7,0
1455620991,32,0
1455622005,25,0
1455622256,24,0
1455623213,48,0
1455625191,25,0
1455625228,17,0
1455625346,25,0
1455625388,25,0
1455625485,16,0
1455625703,16,0
1455627284,22,0
1455627451,32,1
1455627477,32,1
1455627494,32,1
1455627510,32,1
1455627635,32,1
1455627638,32,1
1455627641,32,1
1455627651,32,1
1455627680,32,1
1455627726,32,1
1455627772,32,1
1455627776,32,1
1455627794,32,1
1455627883,32,1
1455627898,32,1
1455627957,32,1
1455627963,1,0
1455627971,32,1
1455628004,32,1
1455628049,32,1
1455628056,25,1
1455628060,25,1
1455628061,25,1
1455628064,25,1
1455628065,25,1
1455628072,32,1
1455628087,32,1
1455628100,32,1
1455628109,1,0
1455628123,32,1
1455628140,32,1
1455628157,32,1
1455628173,32,1
1455628537,32,0
1455628591,25,0
1455628678,25,1
1455629816,25,0
1455629912,25,0
1455633096,51,0
1455633469,51,0
1455633769,51,0
1455636166,27,0
1455636254,27,0
1455640528,25,0
1455641883,21,0
1455642012,21,0
1455649148,48,0
1455649348,48,0
1455654136,48,0
1455655272,48,0
1455655411,38,0
1455655462,38,0
1455658085,10,0
1455658724,38,0
1455659089,38,0
1455659123,38,0
1455660884,22,0
1455661359,8,0
1455661409,22,0
1455661932,8,0
1455662360,13,0
1455662847,8,0
1455663611,47,0
1455663683,8,0
1455663689,8,0
1455663728,8,0
1455663784,8,0
1455663910,8,0
1455665525,24,0
1455668040,38,0
1455668334,33,0
1455668340,33,0
1455669804,32,1
1455670848,22,0
1455670931,22,0
1455671295,32,1
1455671297,32,1
1455671300,32,1
1455671302,32,1
1455671306,32,1
1455671340,32,1
1455671342,32,1
1455671390,32,1
1455671675,38,0
1455671682,38,0
1455671699,11,1
1455671703,38,0
1455671704,11,1
1455671712,11,1
1455671782,38,0
1455671834,38,0
1455672371,24,0
1455672379,24,0
1455672447,22,0
1455672654,38,0
1455672697,38,0
1455672867,22,0
1455673292,16,0
1455673292,16,0
1455673699,32,0
1455674561,51,0
1455674657,38,0
1455676091,39,1
1455676093,39,1
1455676095,39,1
1455676096,39,1
1455676098,39,1
1455676101,39,1
1455676103,39,1
1455676105,39,1
1455676107,39,1
1455676109,39,1
1455676111,39,1
1455676113,39,1
1455676116,39,1
1455676120,39,1
1455676122,39,1
1455676124,39,1
1455676127,39,1
1455676130,39,1
1455676133,39,1
1455676137,39,1
1455676139,39,1
1455676141,39,1
1455676143,39,1
1455676146,39,1
1455676148,39,1
1455676150,39,1
1455676153,39,1
1455676158,39,1
1455676162,39,1
1455676169,39,1
1455676171,39,1
1455676173,39,1
1455676176,39,1
1455676181,39,1
1455676185,39,1
1455676187,39,1
1455676190,39,1
1455676194,39,1
1455676197,39,1
1455676202,39,1
1455676205,39,1
1455676207,39,1
1455676210,39,1
1455676212,39,1
1455676222,39,1
1455676224,39,1
1455676228,39,1
1455676231,39,1
1455676233,39,1
1455676235,39,1
1455676239,39,1
1455676245,39,1
1455676250,39,1
1455676258,39,1
1455676263,39,1
1455676268,39,1
1455676272,39,1
1455676274,39,1
1455676276,39,1
1455676280,39,1
1455676282,39,1
1455676286,39,1
1455676289,39,1
1455676291,39,1
1455676293,39,1
1455676295,39,1
1455676297,39,1
1455676299,39,1
1455676301,39,1
1455676314,39,1
1455676316,39,1
1455676318,39,1
1455676321,39,1
1455676324,39,1
1455676326,39,1
1455676330,39,1
1455676331,39,1
1455676334,39,1
1455676337,39,1
1455676340,39,1
1455676342,39,1
1455676346,39,1
1455676352,39,1
1455676354,39,1
1455676356,39,1
1455676359,39,1
1455676361,39,1
1455676363,39,1
1455676365,39,1
1455676367,39,1
1455676369,39,1
1455676371,39,1
1455676373,39,1
1455676379,39,1
1455676382,39,1
1455676384,39,1
1455676387,39,1
1455676389,39,1
1455676392,39,1
1455676394,39,1
1455676397,39,1
1455676401,39,1
1455676404,39,1
1455676408,39,1
1455676410,39,1
1455676413,39,1
1455676415,39,1
1455676417,39,1
1455676419,39,1
1455676422,39,1
1455676424,39,1
1455676426,39,1
1455676427,39,1
1455676430,39,1
1455676432,39,1
1455676434,39,1
1455676436,39,1
1455676438,39,1
1455676441,39,1
1455676447,39,1
1455676450,39,1
1455676453,39,1
1455676456,39,1
1455676458,39,1
1455676460,39,1
1455676943,13,0
1455676949,13,0
1455677023,27,0
1455677025,27,0
1455677036,27,0
1455677061,13,0
1455677063,27,0
1455677859,10,0
1455677957,29,0
1455678045,8,0
1455678093,8,1
1455678099,8,1
1455678106,8,1
1455678119,8,0
1455678603,13,1
1455678769,29,0
1455680145,29,0
1455680301,8,0
1455680858,8,0
1455681027,29,0
1455681048,29,0
1455681584,29,0
1455683166,17,0
1455683522,29,0
1455683669,29,0
1455683980,29,0
1455684537,32,1
1455685716,21,0
1455686185,13,0
1455686200,13,0
1455686248,13,0
1455686334,13,0
1455686345,13,0
1455686352,13,0
1455687006,13,0
1455687379,8,0
1455688411,13,0
1455688701,20,0
1455689344,13,0
1455689417,29,0
1455690684,13,0
1455690703,27,0
1455690706,27,0
1455690732,27,0
1455691121,48,0
1455691156,48,0
1455691350,13,0
1455692152,13,0
1455692256,13,0
1455692346,13,0
1455693262,29,0
1455693766,13,0
1455694209,29,1
1455696146,21,0
1455696290,24,0
1455696598,22,0
1455697003,22,0
1455697644,22,0
1455698457,24,0
1455701786,32,0
1455701789,21,0
1455701879,21,0
1455701883,24,0
1455702729,32,1
1455704889,24,0
1455706442,27,1
1455707996,24,0
1455708060,24,0
1455708219,32,0
1455708585,32,0
1455708640,32,0
1455708657,32,0
1455709621,15,0
1455709630,15,0
1455709668,15,0
1455709673,24,0
1455709742,24,0
1455709778,15,0
1455710872,15,0
1455711631,15,0
1455711844,24,0
1455711885,24,0
1455712915,32,0
1455712918,32,0
1455712922,32,0
1455712925,32,0
1455712942,32,0
1455716059,17,0
1455719586,20,0
1455722503,11,0
1455722596,11,0
1455722601,11,0
1455722636,11,0
1455722649,11,0
1455722658,11,0
1455722706,11,0
1455722713,11,0
1455722719,11,0
1455722723,11,0
1455722733,11,0
1455722737,11,0
1455722754,11,0
1455722771,11,0
1455722865,11,0
1455722909,11,1
1455722916,11,0
1455722921,11,0
1455722938,11,0
1455723117,11,0
1455729077,25,0
1455729145,25,0
1455729436,25,0
1455729511,25,0
1455739416,29,1
1455739588,25,0
1455740869,38,0
1455740876,38,0
1455742460,20,0
1455742656,20,0
1455742697,20,0
1455742736,20,0
1455745935,27,0
1455746600,20,0
1455747294,20,0
1455747514,11,0
1455747524,11,0
1455747539,11,0
1455747546,11,0
1455747555,11,0
1455747564,11,0
1455747669,11,0
1455747680,11,0
1455748395,1,0
1455749130,48,0
1455753000,27,0
1455753004,27,0
1455753072,27,0
1455753271,48,0
1455753315,48,0
1455755938,13,0
1455757394,32,1
1455757405,32,1
1455757409,32,1
1455757413,32,1
1455757418,32,1
1455757422,32,1
1455757427,32,1
1455757429,32,1
1455757433,32,1
1455757439,32,1
1455757444,32,1
1455757450,32,1
1455758029,22,0
1455758446,32,0
1455759194,32,0
1455759851,22,0
1455759997,22,0
1455760818,25,0
1455760870,25,1
1455760900,14,0
1455760900,14,0
1455762245,39,1
1455762248,39,1
1455762250,39,1
1455762253,39,1
1455762254,39,1
1455762256,39,1
1455762258,39,1
1455762260,39,1
1455762262,39,1
1455762265,39,1
1455762269,39,1
1455762271,39,1
1455762274,39,1
1455762276,39,1
1455762415,39,0
1455762523,39,0
1455762723,22,0
1455763584,22,0
1455764118,27,0
1455765608,51,0
1455765675,8,1
1455765688,8,0
1455765704,8,0
1455765723,8,0
1455765773,8,0
1455765917,51,0
1455766511,8,0
1455767642,8,0
1455767671,8,0
1455767706,8,0
1455768559,8,0
1455768956,8,0
1455769715,22,0
1455770425,22,0
1455770719,33,0
1455770958,29,0
1455772777,22,0
1455773098,7,0
1455773114,7,0
1455773188,17,0
1455773207,7,0
1455773919,13,0
1455773924,13,0
1455773939,13,0
1455773949,13,0
1455773961,13,0
1455774037,13,0
1455774053,33,1
1455774106,32,0
1455774113,13,0
1455774208,22,0
1455774731,32,0
1455774742,32,0
1455775118,13,0
1455775586,13,0
1455775587,13,0
1455775794,13,0
1455775794,13,0
1455776397,13,0
1455776440,13,0
1455776692,13,0
1455777139,15,0
1455777164,15,0
1455777316,15,0
1455777354,15,0
1455777367,24,0
1455777395,24,0
1455777522,15,0
1455777536,13,0
1455777556,13,0
1455777567,13,0
1455777676,15,0
1455778145,22,0
1455778704,15,0
1455779342,51,0
1455779354,51,0
1455780209,29,0
1455780720,22,0
1455780814,13,0
1455780859,13,0
1455780912,13,0
1455780945,13,0
1455781059,15,0
1455781553,27,0
1455781569,27,0
1455781664,27,0
1455781802,17,0
1455781922,27,0
1455782257,27,0
1455782781,24,0
1455782951,29,0
1455784206,22,0
1455784362,22,0
1455784920,7,0
1455785332,22,0
1455785692,24,0
1455785895,24,0
1455785998,24,0
1455786042,17,0
1455786354,32,0
1455786407,32,0
1455786674,24,0
1455789971,37,0
1455790532,32,0
1455791020,10,0
1455791202,10,0
1455791268,32,0
1455792256,27,0
1455792647,27,0
1455792652,27,0
1455792673,27,0
1455793765,10,0
1455793770,37,0
1455795138,22,0
1455795473,37,0
1455796963,24,0
1455797298,7,0
1455797333,20,0
1455797373,20,0
1455797376,20,0
1455797505,7,0
1455797565,7,0
1455798394,20,0
1455798441,20,0
1455798558,20,0
1455799702,7,0
1455799813,7,0
1455799954,38,0
1455800169,27,0
1455800224,7,0
1455800663,22,0
1455800784,22,0
1455801384,25,1
1455802721,10,0
1455803124,20,0
1455803244,20,0
1455803369,20,0
1455812074,25,0
1455814757,25,0
1455816167,29,0
1455818537,25,0
1455824517,13,0
1455824533,13,0
1455826731,48,0
1455826751,48,0
1455827007,21,0
1455827231,51,0
1455827233,7,0
1455827927,48,0
1455830671,27,0
1455831564,24,0
1455831676,24,0
1455831686,24,0
1455832802,21,0
1455832906,21,0
1455834254,10,0
1455834825,28,1
1455835046,27,1
1455835049,27,1
1455838303,24,0
1455839173,27,0
1455839237,27,0
1455840790,7,0
1455840882,7,0
1455842096,32,1
1455842106,32,1
1455842108,32,1
1455843177,32,1
1455844072,17,0
1455845265,39,0
1455845659,27,0
1455846025,32,0
1455847549,32,0
1455847707,32,0
1455847792,32,0
1455847927,8,0
1455848067,8,0
1455848194,27,0
1455848309,8,0
1455848354,8,0
1455848392,8,0
1455848686,8,0
1455848815,8,0
1455848872,8,0
1455850045,8,0
1455850071,8,0
1455850115,8,0
1455850308,11,1
1455850310,11,0
1455854743,8,0
1455854839,8,0
1455855208,8,0
1455856290,17,0
1455857287,8,0
1455857404,8,0
1455857418,8,0
1455857647,8,0
1455857683,8,0
1455857949,8,0
1455858504,8,0
1455858789,8,0
1455859473,8,0
1455859615,8,0
1455860276,8,0
1455861167,13,0
1455861276,13,0
1455861927,25,0
1455862560,20,0
1455863951,13,0
1455864049,8,0
1455864570,13,0
1455864630,8,0
1455864708,8,0
1455865378,20,0
1455865409,20,0
1455865413,8,0
1455866176,22,0
1455866652,17,0
1455867222,15,0
1455867246,15,0
1455867405,15,0
1455867507,15,0
1455867567,15,0
1455867646,20,0
1455867675,15,0
1455867698,15,0
1455867808,15,0
1455867873,15,0
1455867909,15,0
1455868723,13,0
1455868937,15,0
1455869376,20,0
1455869679,24,0
1455870501,20,0
1455870535,20,0
1455870538,20,0
1455870547,20,0
1455870593,20,0
1455870980,20,0
1455871014,20,0
1455871059,20,0
1455871130,20,0
1455871165,20,0
1455871178,38,0
1455871184,13,0
1455871235,27,0
1455871238,27,0
1455871241,20,0
1455871258,20,0
1455871267,38,0
1455871664,20,0
1455872313,20,0
1455872442,32,1
1455872702,32,0
1455872869,13,0
1455872908,22,0
1455873443,24,0
1455873795,24,0
1455874107,32,1
1455874811,22,0
1455875161,22,0
1455876841,27,0
1455882182,10,0
1455886665,22,0
1455889559,25,0
1455890225,25,0
1455893401,32,0
1455893683,22,0
1455894627,25,0
1455894988,25,0
1455895727,38,0
1455896024,38,0
1455896033,38,0
1455896199,38,0
1455899356,22,0
1455901967,22,0
1455902757,13,0
1455903521,29,0
1455904461,13,0
1455904733,25,0
1455905529,17,0
1455906126,13,0
1455907280,17,0
1455908131,17,0
1455908177,13,0
1455908219,13,0
1455910700,24,0
1455912501,13,0
1455912517,13,0
1455914635,24,0
1455914656,24,0
1455917836,25,0
1455919785,33,0
1455920605,27,0
1455920632,27,0
1455922047,48,0
1455922785,25,0
1455922921,17,0
1455922955,17,0
1455923473,17,0
1455923494,39,0
1455923862,39,0
1455923943,39,0
1455924182,25,0
1455924599,39,0
1455924724,39,0
1455925847,17,0
1455925875,29,0
1455926093,27,0
1455926136,27,0
1455926286,22,0
1455926300,13,0
1455926526,48,0
1455926574,13,0
1455926875,27,0
1455928203,21,0
1455928286,21,0
1455928792,27,0
1455928801,27,0
1455929890,24,0
1455929929,24,0
1455930197,24,0
1455930235,24,0
1455930246,24,0
1455930567,13,0
1455931393,13,0
1455932529,25,0
1455932549,25,0
1455932712,25,0
1455932779,25,0
1455932934,22,0
1455933121,29,0
1455933246,29,0
1455933255,29,0
1455934909,24,0
1455934922,24,0
1455936162,13,0
1455939004,25,0
1455939167,8,0
1455939326,8,0
1455939333,8,0
1455940235,8,0
1455940416,8,0
1455940638,8,1
1455940712,8,1
1455940806,8,0
1455940872,8,0
1455940931,8,0
1455942250,8,0
1455942614,48,0
1455942696,8,0
1455943359,8,0
1455943671,8,0
1455945661,51,0
1455945838,51,0
1455945878,51,0
1455945974,8,0
1455946159,51,0
1455946495,51,0
1455946802,51,0
1455947016,32,0
1455947172,8,0
1455947205,20,0
1455947288,20,0
1455947297,8,0
1455947315,8,0
1455947393,20,0
1455947436,8,0
1455947447,8,0
1455948273,8,0
1455948375,8,0
1455950738,29,0
1455951642,27,0
1455951749,27,0
1455951879,27,0
1455952960,20,0
1455953038,13,0
1455953047,13,0
1455953612,20,0
1455955633,8,0
1455955663,8,0
1455961795,13,0
1455961842,13,0
1455961860,13,0
1455961885,13,0
1455962105,13,0
1455962448,13,0
1455962454,13,0
1455962497,13,0
1455962594,13,0
1455962600,13,0
1455962614,13,0
1455962649,32,1
1455962667,13,0
1455962799,27,0
1455962917,27,0
1455962957,13,0
1455963054,27,0
1455963136,13,0
1455963146,13,0
1455963802,21,0
1455963835,13,0
1455964223,13,0
1455964278,13,0
1455964492,13,0
1455964716,13,0
1455964844,13,0
1455965023,13,0
1455965045,13,0
1455965069,7,0
1455965506,10,0
1455965542,13,0
1455965550,13,0
1455965606,13,0
1455965611,13,0
1455966042,13,0
1455966053,13,0
1455967114,13,0
1455967148,13,0
1455967280,21,1
1455969461,27,0
1455969933,25,1
1455970048,25,0
1455970161,25,0
1455971085,25,0
1455971885,25,0
1455972162,25,0
1455975101,22,0
1455975123,22,0
1455975226,22,0
1455976475,22,0
1455977174,32,0
1455977407,32,0
1455977626,32,0
1455977800,27,0
1455979313,38,0
1455979462,38,0
1455979685,38,0
1455982035,13,0
1455982040,13,0
1455983290,22,0
1455992410,51,0
1455994258,48,0
1455999029,13,0
1455999119,13,0
1455999161,13,0
1455999312,13,0
1456000906,29,0
1456001129,38,0
1456001242,38,0
1456001605,38,0
1456001636,38,0
1456001789,39,0
1456001929,25,0
1456002620,8,0
1456009594,13,0
1456010533,13,0
1456011231,13,0
1456011696,33,0
1456012430,13,0
1456013202,13,0
1456013393,13,0
1456013415,13,1
1456014142,13,0
1456014290,22,0
1456014301,22,0
1456014485,22,0
1456014608,22,0
1456014735,22,0
1456014786,22,0
1456014814,22,0
1456014907,22,0
1456015132,7,0
1456015484,11,1
1456016161,17,0
1456016575,13,0
1456016600,13,0
1456016709,13,0
1456016743,13,0
1456016993,21,0
1456017383,17,0
1456018004,13,0
1456018767,21,0
1456018795,21,0
1456018815,21,0
1456018834,27,0
1456018868,21,0
1456018917,48,0
1456018967,27,0
1456020150,13,0
1456021541,51,0
1456024382,21,0
1456024675,21,0
1456024715,21,0
1456025187,22,0
1456025446,51,0
1456025550,51,0
1456025623,51,0
1456025711,20,0
1456025820,20,0
1456026860,29,0
1456026869,29,0
1456028189,27,0
1456028277,29,0
1456028407,25,0
1456028501,25,0
1456029309,29,0
1456029409,25,0
1456029438,25,1
1456029616,25,0
1456029744,25,0
1456031224,25,0
1456031490,25,0
1456031504,27,0
1456031536,27,0
1456031564,51,0
1456031608,27,0
1456031634,27,0
1456031638,25,0
1456032359,25,0
1456032365,25,0
1456032735,25,0
1456032825,25,0
1456032920,25,0
1456032930,51,1
1456036557,13,0
1456036647,20,0
1456037543,27,0
1456037548,27,0
1456037898,27,0
1456038537,27,0
1456039167,13,0
1456040199,27,0
1456040237,27,0
1456040873,27,0
1456040892,27,0
1456040895,27,0
1456042041,27,0
1456042070,27,0
1456042401,27,0
1456043768,27,0
1456044147,29,0
1456044409,27,0
1456044616,27,0
1456044651,27,0
1456044658,27,0
1456045486,27,0
1456045495,27,0
1456045684,27,0
1456046917,13,0
1456047094,13,0
1456047916,13,0
1456048154,13,0
1456050050,21,0
1456050526,22,0
1456050560,22,0
1456050590,22,0
1456050851,22,0
1456053905,21,0
1456054056,21,0
1456056313,22,0
1456056434,22,0
1456056834,39,0
1456057028,24,0
1456057678,27,0
1456057680,27,0
1456057698,27,0
1456057734,27,0
1456057818,27,0
1456057832,27,0
1456060900,22,0
1456061102,22,0
1456062876,22,0
1456063202,22,0
1456063537,22,0
1456064031,22,0
1456065832,22,0
1456065841,22,0
1456065880,22,0
1456065971,22,0
1456066242,22,0
1456066351,22,0
1456066578,22,0
1456067094,22,0
1456067267,22,0
1456067293,22,0
1456067840,22,0
1456071228,25,0
1456072584,11,0
1456072588,11,0
1456074786,25,0
1456077878,25,0
1456078077,25,0
1456079498,13,0
1456079987,21,0
1456080398,7,0
1456080449,7,0
1456080489,13,1
1456080495,13,1
1456080615,13,0
1456085292,13,0
1456085394,13,0
1456086443,13,0
1456086452,13,0
1456086498,13,0
1456086503,13,0
1456087320,13,0
1456088449,25,0
1456088593,38,0
1456088624,38,0
1456088757,38,0
1456088873,38,0
1456089110,13,0
1456090973,29,0
1456096189,22,0
1456096441,11,0
1456096477,11,0
1456096487,11,0
1456096516,25,0
1456096533,11,0
1456096539,13,0
1456096561,11,0
1456096564,11,0
1456096726,22,0
1456096829,22,0
1456097551,22,0
1456099674,13,0
1456099810,13,0
1456099890,13,0
1456100125,29,0
1456100184,29,0
1456100497,29,0
1456101053,29,0
1456103243,25,0
1456104442,13,1
1456104717,13,0
1456105341,27,0
1456105362,27,0
1456105604,51,0
1456106305,22,0
1456106338,22,0
1456106535,27,0
1456106640,22,0
1456107167,22,0
1456107413,22,0
1456107557,11,0
1456107753,22,0
1456107778,13,0
1456108199,22,0
1456108459,22,0
1456108811,13,0
1456108868,8,0
1456109202,22,0
1456109377,32,0
1456109417,22,0
1456109660,47,0
1456111033,29,0
1456112094,8,0
1456112374,8,0
1456112410,8,0
1456112797,8,0
1456112822,32,0
1456113019,8,0
1456113156,22,0
1456113469,8,0
1456113506,8,0
1456113737,47,0
1456114361,8,0
1456114430,8,0
1456114434,8,0
1456114552,8,0
1456114572,8,0
1456116084,21,0
1456117654,29,0
1456117825,29,0
1456118031,22,0
1456118111,22,0
1456118178,22,0
1456118914,13,0
1456121676,27,0
1456121712,27,0
1456121715,27,0
1456121735,27,0
1456121749,27,0
1456121779,27,0
1456121818,27,0
1456121843,27,0
1456121878,27,0
1456121893,27,0
1456121897,27,0
1456121907,27,0
1456121912,27,0
1456121932,27,0
1456122012,27,0
1456122043,27,0
1456123168,13,0
1456123320,13,0
1456123332,13,0
1456125793,13,0
1456125942,7,0
1456126175,7,0
1456126732,13,0
1456126760,13,0
1456126795,13,0
1456127445,13,0
1456127458,13,0
1456127509,13,0
1456127554,13,0
1456127637,13,0
1456127643,13,0
1456127714,13,0
1456128092,20,0
1456128155,20,0
1456128265,20,0
1456128435,20,0
1456128447,20,0
1456128456,20,0
1456128460,20,0
1456128697,20,0
1456128814,20,0
1456129979,27,0
1456130013,27,0
1456130032,27,0
1456130195,27,0
1456130344,20,0
1456131082,39,0
1456131717,22,0
1456133545,22,0
1456133766,22,0
1456134095,33,0
1456134320,27,0
1456136224,22,0
1456136719,48,0
1456137053,22,0
1456139350,11,0
1456139361,11,0
1456139386,11,0
1456142059,27,0
1456142061,27,0
1456143407,13,0
1456143469,13,0
1456143480,24,0
1456143534,13,0
1456143646,13,0
1456146433,7,0
1456146510,22,0
1456146624,22,0
1456147478,7,0
1456147485,7,0
1456148531,17,0
1456151416,17,0
1456151417,32,0
1456165905,38,0
1456169098,38,0
1456169544,38,0
1456169677,29,0
1456177414,38,0
1456177416,11,0
1456177426,11,0
1456177435,11,0
1456177439,11,0
1456177448,11,0
1456177454,11,0
1456177463,11,0
1456177501,38,0
1456177584,11,0
1456177587,11,0
1456177594,11,0
1456177603,38,0
1456177605,25,0
1456177609,25,0
1456177690,27,0
1456177735,38,0
1456177944,25,0
1456178796,33,0
1456178831,20,0
1456179536,10,0
1456182330,27,0
1456182350,27,0
1456185150,27,0
1456185201,27,0
1456187633,32,0
1456188446,48,0
1456188477,48,1
1456188854,51,0
1456188909,51,0
1456189141,22,0
1456189270,22,0
1456189543,51,0
1456189982,22,0
1456190024,22,0
1456190120,17,0
1456190293,17,0
1456191129,13,0
1456192339,47,0
1456192446,13,0
1456193661,27,0
1456193668,27,0
1456193687,27,0
1456193709,27,0
1456193912,39,0
1456194375,45,0
1456194396,45,0
1456194447,11,0
1456194457,11,0
1456194468,11,0
1456194483,11,0
1456194552,11,0
1456194799,45,0
1456194859,45,0
1456194982,45,0
1456195056,22,0
1456195077,51,0
1456195257,45,0
1456196129,17,0
1456196666,21,0
1456197523,45,0
1456200201,33,0
1456202180,22,0
1456204705,7,0
1456206042,8,0
1456206052,8,0
1456206493,8,0
1456206501,8,0
1456207136,8,0
1456208203,8,0
1456208324,8,0
1456208465,8,0
1456208614,8,0
1456208873,24,0
1456210604,13,0
1456210735,13,0
1456210917,13,0
1456213435,20,0
1456213625,27,0
1456213660,27,0
1456213710,27,0
1456213736,13,0
1456213953,17,0
1456213975,17,0
1456214213,13,0
1456214335,17,0
1456214489,17,0
1456214611,13,0
1456215059,13,0
1456215302,17,0
1456216233,13,0
1456216389,13,0
1456217104,13,0
1456217796,13,0
1456218005,13,0
1456218242,13,0
1456218451,13,0
1456218495,13,0
1456218517,13,0
1456218613,13,0
1456218722,17,0
1456218920,13,0
1456219435,27,0
1456219449,27,0
1456219454,27,0
1456219477,27,0
1456219846,13,0
1456221706,27,0
1456221805,27,0
1456221810,27,0
1456221892,27,0
1456222224,22,0
1456222284,22,0
1456222870,22,0
1456222906,22,0
1456223094,39,0
1456223141,39,0
1456223221,39,0
1456223354,17,0
1456223714,22,0
1456224033,22,0
1456224475,22,0
1456226035,22,0
1456231015,32,0
1456231614,32,0
1456232494,32,0
1456232790,24,0
1456232819,24,0
1456233745,22,0
1456233821,45,0
1456233905,25,0
1456233973,45,0
1456234744,27,0
1456234827,27,0
1456236071,32,0
1456236346,32,0
1456236738,25,0
1456237041,45,0
1456237424,45,0
1456237744,45,0
1456238241,45,0
1456238253,45,0
1456238264,45,0
1456238288,45,0
1456238298,45,0
1456238315,45,0
1456238325,45,0
1456238472,45,0
1456238541,45,0
1456238552,45,0
1456238680,45,0
1456238704,45,0
1456238748,45,0
1456238761,45,0
1456238770,45,0
1456238992,45,0
1456240980,32,0
1456240990,32,0
1456242218,22,0
1456242807,22,0
1456243157,25,0
1456245259,7,0
1456246394,45,0
1456246402,45,0
1456247993,25,0
1456249715,45,0
1456249916,45,0
1456251597,45,0
1456251813,13,0
1456252736,45,0
1456254717,45,0
1456254886,29,0
1456257905,45,0
1456258269,37,0
1456259475,21,0
1456259741,21,0
1456259800,21,0
1456261347,27,0
1456261380,45,0
1456261569,45,0
1456261592,45,0
1456261728,27,0
1456262121,17,0
1456262402,51,0
1456262493,45,0
1456262769,45,0
1456262868,45,0
1456262984,45,0
1456263183,45,0
1456263266,45,0
1456263551,45,0
1456263916,45,0
1456263930,45,0
1456263951,45,0
1456264119,45,0
1456264120,17,0
1456264171,45,0
1456264356,48,0
1456264471,24,0
1456264956,15,0
1456264980,15,0
1456265011,15,0
1456266121,22,0
1456267860,22,0
1456268403,27,0
1456268431,27,0
1456268901,15,0
1456269170,22,0
1456269539,22,0
1456269636,22,0
1456270799,10,0
1456271555,22,0
1456271634,22,0
1456273363,51,0
1456273427,15,0
1456273445,15,0
1456273476,48,0
1456273496,13,0
1456273498,13,0
1456273501,13,0
1456273503,13,0
1456273890,27,0
1456274022,15,0
1456274054,15,0
1456274109,15,0
1456276695,29,0
1456276891,29,0
1456276943,29,0
1456278121,38,0
1456279940,29,0
1456280691,2,0
1456282129,51,0
1456282347,51,0
1456282913,17,0
1456283070,24,0
1456283202,47,0
1456283832,27,0
1456283842,27,0
1456284480,27,0
1456286006,10,0
1456287929,45,0
1456287996,45,0
1456288034,45,0
1456288131,45,0
1456288402,45,0
1456288508,45,0
1456288544,45,0
1456288622,45,0
1456289087,29,0
1456289160,29,0
1456289221,45,0
1456289397,45,0
1456289448,29,0
1456289577,45,0
1456289601,45,0
1456289649,45,0
1456289875,45,0
1456289889,45,0
1456289916,45,0
1456289966,45,0
1456290125,45,0
1456290151,45,0
1456290209,45,0
1456290221,45,0
1456290311,45,0
1456290347,45,0
1456290352,45,0
1456290364,45,0
1456290450,45,0
1456290463,45,0
1456290477,45,0
1456290500,45,0
1456290537,17,0
1456290576,45,0
1456290593,45,0
1456290608,45,0
1456290617,45,0
1456290628,45,0
1456290635,45,0
1456290653,45,0
1456290684,45,0
1456290718,45,0
1456290760,45,0
1456290763,17,0
1456290773,45,0
1456290792,45,0
1456290819,45,0
1456290864,45,0
1456290878,45,0
1456290949,45,0
1456290985,45,0
1456291024,45,0
1456291070,45,0
1456291080,29,0
1456292440,27,1
1456292486,27,0
1456293830,8,0
1456294223,8,0
1456294567,8,0
1456295348,13,0
1456296838,13,0
1456298163,24,0
1456298181,24,0
1456298185,24,0
1456298196,24,0
1456298205,24,0
1456298208,24,0
1456298213,24,0
1456298441,45,0
1456298456,45,0
1456298494,45,0
1456298503,45,0
1456298562,45,0
1456298708,45,0
1456298781,45,0
1456298808,45,0
1456298945,45,0
1456298956,45,0
1456299009,45,0
1456300129,10,0
1456300395,27,0
1456300399,27,0
1456300470,27,0
1456300518,13,0
1456300611,13,0
1456301105,13,0
1456301133,13,0
1456301209,13,0
1456301569,22,0
1456301983,13,0
1456302274,13,0
1456302748,13,0
1456302897,13,0
1456302987,13,0
1456304562,45,0
1456304615,45,0
1456304661,45,0
1456304711,45,0
1456304721,45,0
1456304728,45,0
1456304846,45,0
1456304898,45,0
1456304914,45,0
1456304994,22,0
1456305148,45,0
1456305416,45,0
1456305434,45,0
1456305442,45,0
1456305545,24,0
1456306072,24,0
1456306094,24,0
1456306646,10,0
1456306650,45,0
1456306824,1,0
1456306966,10,0
1456307164,45,0
1456307245,17,0
1456307417,17,1
1456307516,22,0
1456308064,45,0
1456308120,45,0
1456308208,45,0
1456308245,45,0
1456308250,10,0
1456308314,45,0
1456308320,45,0
1456308358,45,0
1456308374,45,0
1456308494,45,0
1456308509,45,0
1456308522,45,0
1456308531,45,0
1456308640,45,0
1456308649,27,0
1456308658,45,0
1456308674,45,0
1456308682,27,0
1456308704,45,0
1456308725,27,0
1456308728,27,0
1456308740,27,0
1456309810,17,0
1456310033,10,0
1456310439,45,0
1456310478,45,0
1456311404,17,0
1456313000,21,0
1456313015,21,0
1456313341,11,0
1456313420,11,1
1456314077,45,0
1456316869,27,0
1456317189,45,0
1456318127,45,0
1456318135,45,0
1456318872,27,0
1456319089,45,0
1456319224,45,0
1456319259,45,0
1456319443,45,0
1456319500,45,0
1456319548,45,0
1456319558,45,0
1456319695,39,0
1456320999,32,1
1456321005,32,1
1456321008,32,1
1456321012,32,1
1456321016,32,1
1456321020,32,1
1456321023,32,1
1456321027,32,1
1456321030,32,1
1456321034,32,1
1456321046,32,1
1456321048,32,1
1456321053,32,1
1456321056,32,1
1456321058,32,1
1456322800,45,0
1456322843,45,0
1456322862,45,0
1456322881,45,0
1456322893,45,0
1456322972,45,0
1456325398,38,0
1456325477,38,0
1456331062,13,0
1456334576,45,0
1456335051,29,0
1456338276,32,1
1456343264,11,1
1456343318,11,0
1456343330,11,0
1456343335,11,0
1456343384,11,0
1456343410,11,0
1456343421,11,0
1456343428,11,0
1456343438,11,0
1456343443,11,0
1456343446,11,0
1456343450,11,0
1456343455,11,0
1456343458,11,0
1456343462,11,0
1456343468,11,0
1456343480,11,0
1456343522,11,0
1456347823,24,0
1456347833,24,0
1456348318,11,0
1456348358,11,0
1456348382,11,0
1456348395,11,0
1456348479,11,1
1456348484,11,1
1456348488,11,1
1456348491,11,1
1456348495,11,1
1456348498,11,1
1456348501,11,1
1456348505,11,1
1456348508,11,1
1456348511,11,1
1456348515,11,1
1456348518,11,1
1456348531,11,1
1456348627,11,0
1456348653,21,0
1456348674,11,0
1456348682,11,0
1456348691,11,0
1456348694,11,0
1456348697,11,0
1456348701,11,0
1456348707,11,0
1456348710,11,0
1456348714,11,0
1456348723,11,0
1456348727,11,0
1456348730,11,0
1456348734,11,0
1456348741,11,0
1456348774,21,0
1456348946,24,0
1456348965,24,0
1456349872,17,0
1456350354,51,0
1456350378,51,0
1456350846,11,0
1456350909,11,0
1456350920,11,0
1456350940,11,0
1456350945,11,0
1456350954,11,0
1456350964,11,0
1456351016,11,0
1456351066,11,0
1456352783,32,0
1456353041,32,0
1456353398,24,0
1456353803,24,0
1456354105,15,0
1456354366,15,0
1456355493,51,0
1456356617,32,1
1456356644,32,1
1456356748,32,1
1456356751,32,1
1456356753,32,1
1456356756,32,1
1456356842,32,1
1456356844,32,1
1456356870,32,1
1456356870,32,1
1456356882,32,1
1456356883,1,0
1456356889,32,1
1456357445,1,0
1456357520,32,1
1456357523,32,1
1456357527,32,1
1456357531,32,1
1456357533,32,1
1456357541,32,1
1456357544,32,1
1456357558,32,1
1456357559,1,0
1456357562,32,1
1456357595,32,1
1456357597,32,1
1456357600,32,1
1456357603,32,1
1456357615,1,0
1456357672,32,1
1456358079,32,1
1456358088,32,1
1456358094,32,1
1456358096,32,1
1456358100,32,1
1456358102,32,1
1456358105,32,1
1456358110,32,1
1456358113,32,1
1456358118,32,1
1456358271,1,0
1456359497,17,0
1456359534,17,0
1456359575,17,1
1456359584,17,1
1456359775,17,1
1456359886,17,1
1456359921,32,1
1456359928,32,1
1456359931,32,1
1456359934,32,1
1456360109,17,0
1456361422,24,0
1456362178,48,1
1456362627,22,0
1456363089,22,0
1456363208,22,0
1456364806,27,0
1456364815,51,0
1456364852,51,0
1456365004,51,0
1456365016,51,0
1456365107,51,0
1456365400,32,1
1456365528,51,0
1456365545,51,0
1456365556,45,0
1456365672,22,0
1456365686,51,0
1456365711,51,0
1456365712,22,0
1456365727,51,0
1456365935,51,0
1456365951,51,0
1456365986,51,0
1456366226,33,0
1456366304,51,0
1456366309,51,0
1456366321,51,0
1456366629,51,0
1456366816,51,0
1456366829,51,0
1456366841,51,0
1456366880,51,0
1456366905,51,0
1456366997,22,0
1456367030,22,0
1456367054,51,0
1456367114,51,0
1456367337,32,1
1456367532,32,1
1456367536,8,1
1456367559,8,1
1456367572,8,1
1456367575,8,1
1456367816,22,0
1456367845,45,0
1456367862,45,0
1456367891,10,0
1456369787,8,1
1456369790,8,0
1456369801,8,1
1456370080,22,0
1456370085,8,0
1456370094,8,0
1456370160,8,0
1456370181,8,0
1456371671,8,0
1456371679,8,0
1456371763,3,0
1456371880,22,0
1456372004,3,0
1456372096,3,0
1456372172,22,0
1456372677,3,1
1456373585,3,0
1456373828,27,0
1456374248,8,0
1456374584,45,0
1456374996,3,0
1456375073,8,0
1456375446,3,0
1456375899,22,0
1456376179,22,0
1456376300,8,0
1456376339,8,0
1456376429,8,0
1456376455,8,0
1456376513,8,0
1456376844,13,0
1456377372,8,0
1456377566,8,1
1456377578,27,0
1456377582,27,0
1456377587,27,0
1456378309,33,0
1456378510,13,0
1456378524,13,0
1456378795,8,0
1456378838,13,0
1456378948,45,0
1456378996,45,0
1456379001,22,0
1456379026,45,0
1456379229,13,0
1456379255,13,0
1456379307,22,0
1456379473,8,0
1456379598,45,0
1456379752,45,0
1456379777,45,0
1456379940,13,1
1456380534,8,0
1456380997,13,0
1456381020,13,0
1456381085,48,0
1456381590,27,0
1456381602,27,0
1456381630,1,0
1456381686,22,0
1456381893,27,0
1456382105,22,0
1456382161,27,0
1456382504,27,0
1456382602,45,0
1456382637,45,0
1456382653,45,0
1456383430,8,0
1456383452,8,0
1456383518,25,1
1456383639,25,1
1456383750,25,0
1456383755,25,1
1456384042,8,0
1456384200,13,0
1456384285,8,0
1456384319,13,0
1456385175,13,0
1456385187,13,0
1456385247,13,0
1456386025,13,0
1456386038,13,0
1456386050,13,0
1456387010,13,0
1456387032,13,0
1456387088,13,0
1456387191,13,0
1456387223,13,0
1456387832,13,0
1456387834,13,0
1456388026,27,0
1456388029,27,0
1456389380,22,0
1456391118,2,0
1456392426,45,0
1456392873,39,0
1456392954,22,0
1456393009,45,0
1456393036,45,0
1456393086,45,0
1456393753,45,1
1456394173,22,0
1456397528,33,0
1456397749,45,0
1456397780,45,1
1456397784,45,1
1456397836,45,0
1456398181,45,0
1456398211,13,0
1456398224,13,0
1456398373,22,0
1456398632,45,0
1456399046,20,0
1456399090,7,0
1456399235,7,0
1456399652,33,0
1456400452,21,0
1456401322,45,1
1456401394,45,0
1456401439,45,0
1456401444,45,0
1456401528,45,0
1456402686,24,0
1456405398,45,0
1456405477,24,0
1456405823,32,1
1456405833,32,1
1456405835,32,1
1456405838,32,1
1456405841,32,1
1456406117,45,0
1456406271,45,0
1456406297,45,0
1456406386,45,0
1456406403,45,0
1456406456,45,0
1456406472,45,0
1456406479,45,0
1456406488,45,0
1456406501,45,0
1456406547,45,0
1456406721,45,0
1456406839,27,0
1456406842,27,0
1456407034,38,0
1456407219,45,0
1456407221,45,0
1456408383,45,0
1456408463,22,0
1456408846,45,0
1456408860,45,0
1456410947,45,0
1456411067,45,0
1456412551,17,0
1456413408,45,0
1456413558,45,0
1456413570,45,0
1456413762,45,0
1456413811,45,0
1456414251,45,0
1456414275,45,0
1456414441,45,0
1456414453,45,0
1456414462,45,0
1456414677,45,0
1456414694,45,0
1456414699,45,0
1456414704,45,0
1456415315,11,0
1456415336,11,0
1456415340,11,0
1456415342,45,0
1456415344,11,0
1456415352,11,0
1456415355,11,0
1456415357,45,0
1456415376,45,0
1456415411,11,0
1456415735,45,0
1456415739,45,0
1456416174,45,0
1456416202,45,0
1456416304,45,0
1456417029,45,0
1456417298,32,0
1456417619,45,0
1456417933,45,0
1456417968,45,0
1456418138,45,1
1456418223,45,0
1456418273,45,0
1456418286,45,0
1456418327,45,0
1456418463,45,0
1456418497,45,0
1456418664,45,0
1456418804,45,0
1456418937,45,0
1456418955,45,0
1456419068,45,0
1456419139,45,0
1456419265,45,0
1456419286,45,0
1456419293,45,0
1456419305,45,0
1456419311,45,0
1456419318,45,0
1456419387,45,0
1456419565,45,0
1456419576,45,0
1456419601,45,0
1456419638,45,0
1456419773,45,0
1456419819,45,0
1456419945,45,0
1456419958,45,0
1456419985,45,0
1456420040,45,0
1456420044,45,0
1456420049,45,0
1456420173,45,0
1456420198,45,0
1456420229,45,0
1456420323,45,0
1456420354,45,0
1456421156,45,0
1456421682,32,0
1456421789,45,0
1456421837,45,0
1456421880,45,0
1456421926,45,0
1456421992,45,0
1456422028,45,0
1456422034,45,0
1456422074,45,0
1456422540,45,0
1456424595,45,0
1456425447,45,0
1456426146,25,0
1456427764,32,0
1456427789,32,0
1456429399,33,0
1456429918,48,0
1456430600,7,0
1456431838,13,0
1456431842,13,0
1456432922,48,0
1456433143,19,0
1456434055,19,0
1456434163,19,1
1456434231,19,0
1456434654,19,0
1456434675,19,0
1456434675,19,0
1456435413,21,0
1456435984,27,0
1456437926,47,0
1456438694,37,0
1456439328,21,0
1456439603,21,0
1456439890,21,0
1456440563,29,0
1456440633,29,0
1456441440,27,0
1456442259,22,0
1456442344,22,0
1456444361,25,0
1456444513,22,0
1456445100,32,0
1456445540,25,0
1456447710,7,0
1456447731,7,0
1456447769,7,0
1456447821,7,0
1456447846,7,0
1456448039,7,0
1456448107,7,0
1456448115,7,0
1456448903,25,0
1456449358,11,0
1456449387,11,0
1456449407,11,0
1456449411,11,0
1456449453,11,0
1456449457,11,0
1456449527,11,0
1456449537,11,0
1456449661,11,0
1456449678,11,0
1456449684,11,0
1456449688,11,0
1456449693,11,0
1456449698,11,0
1456449703,11,0
1456449708,11,0
1456449712,11,0
1456449721,11,0
1456449785,11,0
1456449798,11,0
1456449808,11,0
1456449835,11,0
1456449844,11,0
1456449887,11,0
1456449911,11,0
1456449916,11,0
1456449938,11,0
1456449979,11,0
1456450145,22,0
1456450307,22,0
1456450437,10,0
1456450876,21,0
1456451595,22,0
1456451935,21,0
1456453444,22,0
1456455194,13,0
1456456088,33,0
1456456511,27,0
1456456540,27,0
1456457456,8,0
1456457489,8,0
1456457636,8,0
1456457669,8,0
1456457759,13,0
1456458021,13,0
1456458035,13,0
1456458337,33,0
1456458439,27,0
1456458844,17,0
1456459430,13,0
1456459663,13,0
1456459987,45,0
1456460001,45,0
1456460244,8,0
1456460319,8,0
1456460396,27,0
1456460461,8,0
1456460477,8,0
1456461281,33,0
1456461305,33,0
1456461366,24,0
1456461398,24,0
1456461441,24,0
1456461580,24,0
1456462186,8,0
1456462355,8,0
1456462902,8,0
1456463093,24,0
1456463144,45,0
1456463207,45,0
1456463281,45,0
1456463416,8,0
1456463427,8,0
1456463741,21,0
1456463817,21,0
1456463848,21,0
1456463905,8,0
1456464246,8,0
1456464284,45,0
1456464289,8,0
1456464372,45,0
1456464398,45,0
1456464418,45,0
1456464440,24,0
1456464462,45,0
1456464467,45,0
1456464469,8,0
1456464712,45,0
1456464722,45,0
1456464746,45,0
1456464757,45,0
1456464881,45,0
1456464903,45,0
1456464926,45,0
1456464945,45,0
1456465045,8,0
1456465353,45,0
1456465477,45,0
1456465484,45,0
1456465558,45,0
1456465652,33,0
1456465945,24,0
1456466622,13,0
1456466928,45,0
1456467001,45,0
1456467049,8,0
1456467057,45,0
1456468002,24,0
1456468282,24,0
1456468399,13,0
1456468437,24,0
1456468455,13,0
1456470232,27,0
1456470240,27,0
1456470271,27,0
1456470283,27,0
1456470388,20,0
1456470600,13,0
1456470639,13,0
1456470659,13,0
1456470701,8,0
1456470799,27,0
1456470906,27,0
1456471072,27,0
1456471253,27,0
1456471256,27,0
1456471259,27,0
1456471441,27,0
1456471725,27,0
1456471877,27,0
1456471881,27,0
1456471939,27,0
1456472721,13,0
1456473114,13,0
1456473248,13,0
1456473276,13,0
1456475548,13,0
1456475559,13,0
1456477208,20,0
1456477229,20,0
1456477296,20,0
1456478588,27,0
1456479594,24,0
1456479944,27,0
1456479957,27,0
1456480880,45,0
1456481329,24,0
1456481620,27,0
1456481679,45,0
1456481987,22,0
1456482399,37,0
1456482417,37,0
1456482424,37,0
1456482435,37,0
1456482439,37,0
1456483036,22,0
1456483038,22,0
1456483040,24,0
1456483044,22,0
1456483232,27,0
1456483450,7,0
1456484223,27,0
1456484494,21,0
1456484641,21,0
1456484772,21,0
1456484930,45,0
1456485027,21,0
1456485261,21,0
1456485356,21,0
1456485464,22,0
1456485495,10,0
1456485501,21,0
1456486382,17,0
1456486577,24,0
1456486612,24,0
1456488576,24,0
1456488585,24,0
1456488801,24,0
1456488829,45,0
1456488865,45,0
1456488910,45,0
1456489188,45,0
1456489203,45,0
1456489424,24,0
1456489987,39,0
1456490004,39,0
1456490140,39,1
1456490158,39,1
1456490163,39,1
1456490168,39,1
1456490178,39,1
1456490185,39,1
1456490189,39,1
1456490191,39,1
1456490194,39,1
1456490197,39,1
1456490203,39,1
1456490209,39,1
1456490212,39,1
1456490219,39,1
1456490225,39,1
1456490230,39,1
1456490234,39,1
1456490237,39,1
1456490256,39,1
1456490258,39,1
1456490267,39,1
1456490271,39,1
1456490275,39,1
1456490285,39,1
1456490300,39,1
1456490302,39,1
1456490318,39,1
1456490320,39,1
1456490335,39,1
1456490336,39,1
1456490350,39,1
1456490355,39,1
1456490361,39,1
1456490368,39,1
1456490397,39,1
1456490400,39,1
1456490468,39,1
1456490475,39,1
1456490480,39,1
1456490502,39,0
1456490582,39,0
1456490586,39,0
1456490652,39,0
1456490719,39,0
1456490959,39,0
1456491033,39,0
1456491049,39,0
1456491064,39,0
1456491165,39,0
1456491411,22,0
1456492894,3,0
1456495430,22,0
1456497459,38,0
1456497473,38,0
1456498829,45,0
1456498900,45,0
1456499364,45,0
1456499902,45,0
1456499918,45,0
1456500012,45,0
1456500197,45,0
1456500251,45,0
1456500547,13,0
1456500564,13,0
1456502062,45,0
1456502104,22,0
1456502187,22,0
1456502334,45,0
1456502350,22,0
1456502427,45,0
1456502706,45,0
1456502759,22,0
1456502763,45,0
1456505084,32,0
1456505096,32,0
1456513926,25,0
1456514146,25,0
1456514249,25,0
1456514666,25,0
1456514907,25,0
1456516189,25,0
1456516319,25,0
1456516330,25,0
1456516505,25,0
1456516554,25,0
1456516990,25,0
1456516992,25,0
1456516999,25,0
1456517112,25,0
1456517155,25,0
1456517424,32,0
1456518157,25,0
1456519131,25,0
1456520058,20,0
1456522024,25,0
1456523597,27,0
1456523737,39,0
1456523779,27,0
1456523780,39,0
1456523829,39,0
1456523836,39,0
1456523912,7,0
1456524301,39,0
1456524545,39,0
1456524789,39,0
1456525162,39,0
1456525361,39,0
1456525543,39,0
1456526286,39,0
1456526511,39,0
1456527098,21,0
1456527622,24,0
1456527623,24,0
1456527652,24,0
1456530294,32,0
1456530508,21,0
1456530551,22,0
1456530643,22,0
1456530809,22,0
1456530837,22,0
1456530845,22,0
1456530945,22,0
1456531423,13,0
1456531703,27,0
1456532117,22,0
1456532465,2,0
1456532894,17,0
1456534277,22,0
1456534311,45,0
1456534383,24,0
1456534387,24,0
1456534460,24,0
1456534950,21,0
1456535191,21,0
1456535237,25,0
1456535284,22,0
1456535435,22,0
1456535853,22,0
1456535926,28,0
1456536104,28,0
1456536391,28,0
1456536493,28,0
1456536535,22,0
1456536603,22,0
1456536668,22,0
1456536738,22,0
1456536829,22,0
1456536840,22,0
1456537851,32,0
1456538425,32,0
1456538615,22,0
1456538664,32,0
1456539226,32,0
1456539691,29,0
1456539854,24,0
1456539859,24,0
1456539879,24,0
1456539925,24,0
1456539929,24,0
1456540440,7,0
1456541307,39,0
1456541483,39,0
1456541488,39,0
1456541571,39,0
1456541600,39,0
1456541646,39,0
1456541704,39,0
1456541734,39,0
1456541793,39,0
1456542113,25,0
1456542945,45,0
1456542958,45,0
1456543112,45,0
1456543225,32,0
1456543461,11,0
1456543472,11,0
1456543501,11,0
1456543511,11,0
1456543522,11,0
1456543529,11,0
1456543536,11,0
1456543542,11,0
1456543553,11,0
1456543558,11,0
1456543571,11,0
1456543576,11,0
1456543584,11,0
1456543589,11,0
1456543596,11,0
1456543600,13,0
1456543619,11,0
1456543633,11,0
1456543638,11,0
1456543642,11,0
1456543646,11,0
1456543656,11,0
1456543667,11,0
1456543670,11,0
1456543673,11,0
1456543680,11,0
1456543685,11,0
1456543688,11,0
1456543692,11,0
1456543695,11,0
1456543702,11,0
1456543710,11,0
1456543714,11,0
1456543729,11,0
1456543734,11,0
1456543740,11,0
1456543760,11,0
1456543776,11,0
1456543781,11,0
1456543789,11,0
1456545158,10,0
1456545590,25,0
1456546031,17,0
1456546213,17,0
1456547313,24,0
1456547325,24,0
1456547356,24,0
1456547368,24,0
1456547833,24,0
1456547840,24,0
1456547867,24,0
1456547881,22,0
1456547984,22,0
1456548833,3,0
1456551752,25,0
1456553215,22,0
1456553479,45,0
1456553491,45,0
1456553492,45,0
1456553506,13,0
1456553596,13,0
1456553617,13,0
1456553623,13,0
1456553626,13,0
1456553634,13,0
1456553640,13,0
1456553642,13,0
1456553644,13,0
1456553648,13,0
1456553756,45,0
1456553836,45,0
1456554054,45,0
1456554062,45,0
1456554449,45,0
1456554475,45,0
1456554492,45,0
1456554619,13,0
1456554645,13,0
1456554719,13,0
1456555296,13,0
1456555344,13,0
1456556496,13,0
1456556696,13,0
1456556706,13,0
1456556712,13,0
1456557068,24,0
1456557804,13,0
1456558042,13,0
1456558737,13,0
1456561905,39,0
1456561939,39,0
1456561939,39,0
1456562382,13,0
1456563733,27,0
1456563742,27,0
1456563786,27,0
1456564069,20,0
1456564250,22,0
1456566227,27,0
1456566249,27,0
1456569590,22,0
1456569717,22,0
1456570082,45,0
1456570347,45,0
1456570436,45,0
1456570662,45,0
1456570767,45,0
1456570868,37,0
1456571258,24,0
1456571263,24,0
1456571325,24,0
1456571375,21,0
1456572214,24,0
1456572429,33,0
1456572700,33,0
1456574130,22,0
1456574336,22,0
1456574674,22,0
1456574771,22,0
1456574811,22,0
1456574938,22,0
1456575135,22,0
1456575136,22,0
1456575548,24,0
1456575565,24,0
1456575577,24,0
1456575620,24,0
1456575636,24,0
1456575965,20,0
1456576228,22,0
1456576231,22,0
1456576236,22,0
1456576244,22,0
1456576254,22,0
1456576260,22,0
1456576300,22,0
1456576333,45,0
1456576350,45,0
1456576391,45,0
1456576400,45,0
1456576403,45,0
1456576412,45,0
1456576512,45,0
1456576534,45,0
1456576616,22,0
1456577581,21,0
1456579869,22,0
1456580198,22,0
1456581805,22,0
1456582388,45,0
1456584067,45,0
1456584079,45,0
1456584084,45,0
1456584088,45,0
1456584093,45,0
1456584097,45,0
1456584101,45,0
1456584110,45,0
1456584204,45,0
1456584214,45,0
1456584551,45,0
1456584618,45,0
1456584642,45,0
1456584673,45,0
1456584773,3,0
1456584773,3,0
1456584939,45,0
1456584970,45,0
1456585034,45,0
1456585106,45,0
1456585187,45,0
1456586669,45,0
1456586679,45,0
1456586768,45,0
1456586803,45,0
1456586836,45,1
1456586936,45,1
1456586940,45,1
1456586943,45,1
1456586946,45,1
1456586957,45,1
1456586962,45,1
1456586985,45,0
1456587151,45,0
1456587170,45,0
1456587178,45,0
1456587210,45,0
1456587255,45,0
1456587264,45,0
1456587274,45,0
1456587291,45,0
1456587300,45,0
1456587338,45,0
1456587486,45,0
1456587499,45,0
1456587508,45,0
1456587632,45,0
1456587661,45,0
1456587666,45,0
1456587711,45,0
1456588101,25,0
1456588133,45,0
1456588134,45,0
1456588146,45,0
1456591672,11,0
1456591683,11,0
1456591689,11,0
1456591719,11,1
1456591728,11,0
1456591776,11,0
1456591811,11,0
1456593826,32,1
1456593830,32,1
1456593833,32,1
1456593836,32,1
1456593839,32,1
1456593918,32,0
1456597675,21,0
1456600288,13,0
1456602044,32,1
1456604714,1,0
1456606880,15,0
1456607831,8,0
1456608484,8,0
1456611004,29,0
1456611376,22,0
1456611615,29,0
1456611696,29,0
1456611871,25,0
1456612097,13,0
1456612195,13,0
1456612198,13,0
1456612206,47,0
1456612206,47,0
1456612300,13,0
1456612610,13,0
1456612624,13,0
1456612697,13,0
1456612699,13,0
1456612716,13,0
1456612722,13,0
1456612724,13,0
1456613387,13,0
1456613524,8,0
1456613553,13,0
1456613608,13,0
1456613676,8,0
1456614312,13,0
1456614729,32,1
1456614732,32,1
1456614735,32,1
1456614738,32,1
1456614741,32,1
1456614744,32,1
1456614748,32,1
1456614751,32,1
1456614753,32,1
1456615229,24,0
1456616750,13,0
1456618310,13,0
1456620777,33,0
1456621082,38,0
1456621088,38,0
1456621592,33,0
1456621671,32,0
1456622253,32,0
1456622323,21,0
1456622411,38,0
1456622419,21,0
1456623138,22,0
1456623232,22,0
1456623261,22,0
1456624285,22,0
1456624319,21,0
1456624908,22,0
1456625249,32,0
1456625435,22,0
1456625488,11,0
1456625507,11,0
1456626385,13,0
1456626393,13,0
1456626665,13,0
1456626716,22,0
1456626820,22,0
1456626914,22,0
1456627454,24,0
1456627482,24,0
1456629046,22,0
1456629173,22,0
1456629516,22,0
1456629547,22,0
1456629753,22,0
1456629816,24,0
1456629968,17,0
1456630575,22,0
1456630649,22,0
1456633013,17,1
1456635146,15,0
1456635244,22,0
1456635306,15,0
1456635326,15,0
1456635330,22,0
1456635534,22,0
1456635626,22,0
1456635901,27,0
1456635907,27,0
1456635933,27,0
1456636041,27,0
1456636147,27,0
1456636166,27,0
1456636181,27,0
1456636235,27,0
1456636286,22,0
1456636846,22,0
1456637337,22,0
1456637738,15,0
1456637811,15,0
1456637941,15,0
1456637964,15,0
1456637964,15,0
1456638608,24,0
1456638649,8,0
1456638707,37,0
1456638713,13,0
1456638962,8,0
1456639034,8,0
1456639040,8,0
1456639050,8,0
1456639384,13,0
1456639399,13,0
1456640285,13,0
1456640289,13,0
1456640843,27,0
1456641308,45,0
1456641335,27,0
1456641398,45,0
1456641800,45,0
1456641855,45,0
1456641939,45,0
1456641960,45,0
1456642200,22,0
1456642631,22,0
1456642706,22,0
1456642933,22,0
1456643075,22,0
1456644224,24,0
1456644237,24,0
1456644243,24,0
1456644246,24,0
1456644254,24,0
1456644275,24,0
1456644750,22,0
1456644988,13,0
1456645112,27,0
1456645355,24,0
1456645427,24,0
1456645443,24,0
1456645461,24,0
1456645728,27,0
1456646370,29,0
1456646816,22,0
1456646896,22,0
1456648809,24,0
1456650201,37,0
1456650261,37,0
1456650261,37,0
1456650753,45,0
1456650755,24,0
1456651017,27,0
1456651518,27,0
1456651539,27,0
1456651556,27,0
1456651565,27,0
1456651572,27,0
1456651630,27,0
1456651635,27,0
1456651722,27,0
1456651781,27,0
1456651784,27,0
1456651824,27,0
1456651882,27,0
1456651918,27,0
1456651935,27,0
1456651998,27,0
1456652003,27,0
1456652048,27,0
1456652131,27,0
1456652236,27,0
1456652244,27,0
1456652346,27,0
1456652372,27,0
1456652418,27,0
1456652481,27,0
1456652584,27,0
1456652588,27,0
1456652767,27,0
1456652769,27,0
1456652773,27,0
1456652786,27,0
1456652787,27,0
1456652793,27,0
1456652876,27,0
1456652878,27,0
1456652880,27,0
1456652884,27,0
1456652891,27,0
1456652925,27,0
1456652936,24,0
1456653316,27,0
1456653318,27,0
1456653322,27,0
1456653324,27,0
1456653326,27,0
1456653333,27,0
1456653353,27,0
1456653363,27,0
1456653381,27,0
1456653385,27,0
1456653389,27,0
1456653510,27,0
1456653631,27,0
1456653635,27,0
1456653678,27,0
1456654119,27,0
1456654126,27,0
1456654152,27,0
1456654472,45,0
1456655104,22,0
1456655573,22,0
1456655758,22,0
1456655891,22,0
1456656258,22,0
1456658399,21,0
1456659802,13,0
1456659871,13,0
1456659972,21,0
1456659996,13,0
1456660094,21,0
1456660102,21,0
1456660145,22,0
1456660357,13,0
1456661547,27,0
1456661557,27,0
1456661565,27,0
1456661568,27,0
1456661599,27,0
1456661621,27,0
1456661641,27,0
1456661688,27,0
1456661691,27,0
1456661705,27,0
1456661708,27,0
1456661714,27,0
1456661716,27,0
1456661720,27,0
1456661723,27,0
1456661726,27,0
1456661739,27,0
1456661741,27,0
1456661744,27,0
1456661748,27,0
1456661780,27,0
1456661796,27,0
1456661968,27,0
1456662052,22,0
1456662052,22,0
1456662593,24,0
1456662628,24,0
1456663836,17,0
1456665033,24,0
1456665771,27,0
1456665875,27,0
1456665904,27,0
1456668055,45,0
1456672552,45,0
1456673218,45,0
1456678955,7,0
1456678961,7,0
1456680166,27,0
1456680213,11,0
1456680213,11,0
1456680227,38,0
1456680227,38,0
1456680560,27,0
1456680563,27,0
1456680906,32,0
1456681666,32,0
1456684071,13,0
1456684093,13,0
1456695265,21,0
1456695840,51,0
1456695891,25,0
1456696273,21,0
1456696399,21,0
1456697561,27,0
1456697564,27,0
1456697626,27,0
1456701066,33,0
1456701066,33,0
1456703187,24,0
1456703306,24,0
1456703326,21,0
1456703488,21,0
1456703873,13,0
1456704411,27,0
1456705045,27,0
1456706439,29,0
1456706439,29,0
1456708387,21,0
1456709672,13,0
1456709716,13,0
1456709812,13,0
1456711102,25,0
1456711102,25,0
1456712307,21,0
1456712515,27,0
1456712546,27,0
1456712566,27,0
1456712611,27,0
1456712705,27,0
1456712789,27,0
1456712806,27,0
1456712891,27,0
1456712937,27,0
1456714236,45,0
1456714257,45,0
1456714273,45,0
1456715113,27,0
1456715298,27,0
1456715365,13,0
1456715422,13,0
1456716916,13,0
1456716961,13,0
1456717829,51,0
1456717829,51,0
1456718858,27,0
1456719320,24,0
1456719355,24,0
1456719365,24,0
1456719733,13,0
1456720141,28,0
1456720243,28,0
1456721902,28,0
1456721902,28,0
1456721987,27,0
1456722003,27,0
1456722886,45,0
1456722959,45,0
1456723088,13,0
1456723244,13,0
1456723984,8,0
1456724078,8,0
1456724126,8,0
1456724545,45,0
1456724557,45,0
1456724601,45,0
1456724612,45,0
1456724771,17,0
1456724771,17,0
1456724780,8,0
1456725151,13,0
1456725295,27,0
1456725312,27,0
1456725690,8,0
1456725754,8,0
1456725759,8,0
1456725787,8,0
1456725916,8,0
1456725916,8,0
1456726555,13,0
1456726555,13,0
1456726749,48,0
1456727230,45,0
1456727676,24,0
1456728147,24,0
1456728195,24,0
1456728223,24,0
1456728317,2,0
1456728317,2,0
1456728793,24,0
1456729239,27,0
1456729267,27,0
1456729285,27,0
1456729356,27,0
1456731541,10,0
1456731541,10,0
1456732731,24,0
1456732738,24,0
1456732755,45,0
1456732790,45,0
1456732790,45,0
1456733336,20,0
1456733340,27,0
1456733359,27,0
1456733395,27,0
1456733416,27,0
1456733457,27,0
1456733577,20,0
1456734823,32,0
1456734938,32,0
1456735209,20,0
1456735372,21,0
1456735452,21,0
1456735536,21,0
1456735982,7,0
1456736066,7,0
1456736129,7,0
1456736570,7,0
1456736575,7,0
1456736580,7,0
1456736580,7,0
1456737144,27,0
1456737153,27,0
1456737201,27,0
1456737211,27,0
1456737220,27,0
1456737235,20,0
1456737235,27,0
1456737249,20,0
1456737249,20,0
1456737300,27,0
1456737308,27,0
1456737761,21,0
1456737903,21,0
1456738031,21,0
1456738101,21,0
1456738265,27,0
1456738283,27,0
1456738424,21,0
1456738951,27,0
1456739237,48,0
1456739243,48,0
1456739243,48,0
1456739327,27,0
1456739505,27,0
1456739747,27,0
1456739781,27,0
1456739787,27,0
1456739800,24,0
1456739801,21,0
1456739801,21,0
1456739802,24,0
1456739818,24,0
1456739818,24,0
1456739908,27,0
1456739908,27,0
1456739982,32,0
1456739982,32,0
