1455703485,14,0
1455704017,14,0
1455704301,39,0
1455705157,14,0
1455705471,14,0
1455705500,14,0
1455706098,14,0
1455706532,39,0
1455707117,39,0
1455707416,8,0
1455707763,36,0
1455707804,36,0
1455707957,36,0
1455708079,36,0
1455708205,14,0
1455708258,8,0
1455709899,38,0
1455710105,14,0
1455710155,14,0
1455711265,39,0
1455711358,39,0
1455711449,39,0
1455711500,39,0
1455711690,39,0
1455711719,39,0
1455711929,39,0
1455712170,44,0
1455712610,39,0
1455712830,39,0
1455713177,39,0
1455713247,39,0
1455713373,39,0
1455713384,39,0
1455713712,39,0
1455713782,39,0
1455713821,39,0
1455719496,47,0
1455726583,21,0
1455727650,21,0
1455727732,21,0
1455727912,38,0
1455729693,38,0
1455729839,36,0
1455730191,36,0
1455733402,36,0
1455735282,16,0
1455737816,9,0
1455737858,9,0
1455739072,21,0
1455739301,21,0
1455739525,36,0
1455739547,36,0
1455741959,15,0
1455746462,36,0
1455746989,43,0
1455747961,43,0
1455748157,43,0
1455748403,14,0
1455748669,26,0
1455748672,26,0
1455748831,9,0
1455748900,26,0
1455748969,9,0
1455749227,26,0
1455749881,14,0
1455751044,33,0
1455751106,33,0
1455751189,33,0
1455751248,33,0
1455752243,14,0
1455752644,14,0
1455754151,39,0
1455754636,14,0
1455754754,43,0
1455755042,26,0
1455755101,26,0
1455755781,21,0
1455756021,39,0
1455756031,39,0
1455756209,39,0
1455756419,39,0
1455756846,26,0
1455757082,26,0
1455757086,26,0
1455757233,26,0
1455757516,26,0
1455757852,43,0
1455758481,43,0
1455760147,14,0
1455760266,13,0
1455760306,26,0
1455762225,29,0
1455763100,13,0
1455763593,43,0
1455763679,43,0
1455763771,36,0
1455764148,43,0
1455764494,43,0
1455764603,26,0
1455764661,43,0
1455764731,26,0
1455764977,43,0
1455765532,36,0
1455765546,36,0
1455765577,36,0
1455765581,36,0
1455765637,36,0
1455765648,36,0
1455766823,26,0
1455768152,39,0
1455773140,21,0
1455775109,26,0
1455775137,26,0
1455775312,26,0
1455775465,21,0
1455775815,26,0
1455775910,26,0
1455776144,14,0
1455776294,15,0
1455776735,13,0
1455777370,26,0
1455777681,26,0
1455777754,26,0
1455777792,26,0
1455777869,26,0
1455777882,26,0
1455778262,39,0
1455778356,26,0
1455778993,26,0
1455779428,26,0
1455779537,26,0
1455779588,26,0
1455779628,26,0
1455780543,9,0
1455780554,9,0
1455780634,9,0
1455780637,9,0
1455780704,9,0
1455780924,36,0
1455780971,17,0
1455780985,9,0
1455781066,29,0
1455781229,9,0
1455781281,9,0
1455781308,9,0
1455781514,9,0
1455781548,9,0
1455781783,26,0
1455782394,9,0
1455782408,9,0
1455782411,9,0
1455782468,9,0
1455782535,9,0
1455782561,9,0
1455782819,21,0
1455782888,21,0
1455783199,26,0
1455783340,21,0
1455783482,21,0
1455784055,27,0
1455785304,14,0
1455785388,41,0
1455785428,9,0
1455785479,9,0
1455785615,9,0
1455785628,9,0
1455785720,9,0
1455786058,14,0
1455786250,14,0
1455786262,9,0
1455786358,9,0
1455786468,14,0
1455786513,9,0
1455786648,9,0
1455786678,9,0
1455786956,9,0
1455790689,39,0
1455793482,27,0
1455793526,27,0
1455793793,38,0
1455795179,39,0
1455795396,39,0
1455795943,16,0
1455796670,39,0
1455797191,39,0
1455797447,39,0
1455798169,36,0
1455798404,39,0
1455798441,39,0
1455798724,39,0
1455799269,39,0
1455802955,27,0
1455803288,27,0
1455803357,27,0
1455803452,27,0
1455803583,27,0
1455803659,27,0
1455803693,27,0
1455803764,27,0
1455804515,36,0
1455804764,36,0
1455806304,5,0
1455811207,5,0
1455811603,41,0
1455811625,41,0
1455811724,41,0
1455811753,41,0
1455814012,38,0
1455816713,36,0
1455816718,36,0
1455820914,43,0
1455821390,36,0
1455821626,38,0
1455824159,38,0
1455825813,16,0
1455826131,41,0
1455826223,41,0
1455826235,41,0
1455826370,41,0
1455826411,41,0
1455826564,41,0
1455826588,41,0
1455826599,41,0
1455826617,41,0
1455826690,41,0
1455826693,41,0
1455826717,41,0
1455827046,41,0
1455827379,41,0
1455827785,41,0
1455827838,41,0
1455829190,41,0
1455829296,41,0
1455829348,41,0
1455831207,26,0
1455833095,11,0
1455833163,11,0
1455833187,43,0
1455834027,41,0
1455835293,9,0
1455835323,9,0
1455837434,43,0
1455838384,16,0
1455838482,14,0
1455838947,16,0
1455839303,16,0
1455839777,16,0
1455840261,11,0
1455840582,14,0
1455840781,11,0
1455840818,14,0
1455842168,29,0
1455842274,29,0
1455842285,29,0
1455842357,29,0
1455842974,9,0
1455843546,47,0
1455843973,21,0
1455844220,21,0
1455844423,15,0
1455844797,43,0
1455844878,21,0
1455845971,15,0
1455845988,15,0
1455846003,15,0
1455846040,15,0
1455846377,15,0
1455847299,41,0
1455847363,41,0
1455848016,43,0
1455848064,17,0
1455848079,17,0
1455850549,47,0
1455850706,26,0
1455851407,26,0
1455851496,26,0
1455851610,26,0
1455851991,41,0
1455853722,21,0
1455854063,21,0
1455855945,13,0
1455858874,14,0
1455859458,27,0
1455859609,27,0
1455859640,27,0
1455859647,41,0
1455859712,27,0
1455859775,41,0
1455859844,41,0
1455859995,41,0
1455861068,26,0
1455862204,21,0
1455862272,21,0
1455863334,14,0
1455863924,36,0
1455863982,26,0
1455864088,26,0
1455864146,26,0
1455864524,26,0
1455865669,21,0
1455866426,18,0
1455866880,41,0
1455866970,41,0
1455867026,41,0
1455867080,41,0
1455867098,41,0
1455867106,41,0
1455867263,41,0
1455867274,41,0
1455867332,41,0
1455867355,41,0
1455867362,41,0
1455867415,41,0
1455867421,41,0
1455867506,41,0
1455867511,41,0
1455867513,41,0
1455867533,41,0
1455867619,41,0
1455867675,41,0
1455867686,41,0
1455868011,13,0
1455868038,21,0
1455868204,21,0
1455868755,41,0
1455868770,41,0
1455869290,21,0
1455871134,26,0
1455871829,21,0
1455872362,21,0
1455872920,13,0
1455873271,21,0
1455875788,8,0
1455876753,14,0
1455881065,27,0
1455881433,27,0
1455881500,27,0
1455881536,39,0
1455881800,39,0
1455881901,39,0
1455882129,39,0
1455882518,39,0
1455882662,39,0
1455884194,27,0
1455884431,27,0
1455884454,27,0
1455884474,27,0
1455884489,27,0
1455884512,27,0
1455884526,27,0
1455884556,27,0
1455884578,27,0
1455884715,27,0
1455884760,8,0
1455884863,27,0
1455885031,27,0
1455885369,27,0
1455887739,38,0
1455888149,27,0
1455888203,27,0
1455896157,41,0
1455896244,41,0
1455896552,16,0
1455896966,38,0
1455897608,41,1
1455897670,41,0
1455897784,41,0
1455897806,41,0
1455897818,41,0
1455897860,41,0
1455897907,41,0
1455897910,41,0
1455897976,41,0
1455897982,41,0
1455898012,41,0
1455898056,41,0
1455898095,41,0
1455898197,41,0
1455898288,41,0
1455898362,41,0
1455898578,41,0
1455898614,41,0
1455898629,41,0
1455898738,41,0
1455898759,41,0
1455898762,41,0
1455898814,41,0
1455907103,36,0
1455907966,36,0
1455908526,36,0
1455908658,36,0
1455908861,36,0
1455908959,36,0
1455908966,36,0
1455909409,36,0
1455909635,36,0
1455910221,21,0
1455911306,43,0
1455911319,43,0
1455911455,36,0
1455911516,36,0
1455911518,36,0
1455912093,41,0
1455912150,41,0
1455912177,16,0
1455912203,16,0
1455912569,16,0
1455913841,51,0
1455913978,15,0
1455915062,47,0
1455920550,36,0
1455920699,36,0
1455923450,41,0
1455923541,41,0
1455924171,36,0
1455924944,36,0
1455926994,14,0
1455927672,47,0
1455930167,41,0
1455930435,36,0
1455931172,14,0
1455931239,14,0
1455931247,14,0
1455931345,14,0
1455931454,14,0
1455931485,14,0
1455931665,14,0
1455932996,14,0
1455933225,14,0
1455933310,14,0
1455934856,18,0
1455936374,21,0
1455936412,21,0
1455936854,47,0
1455938809,26,0
1455938881,26,0
1455939677,41,0
1455939876,41,0
1455940560,21,0
1455940574,21,0
1455941739,21,0
1455942492,21,0
1455943649,21,0
1455943713,21,0
1455943735,21,0
1455943786,21,0
1455943894,9,0
1455944031,9,0
1455944079,14,0
1455944189,14,0
1455945055,41,0
1455945101,41,0
1455945146,41,0
1455945234,41,0
1455945286,41,0
1455945320,21,0
1455945603,41,0
1455945764,41,0
1455945791,41,0
1455945836,41,0
1455946593,26,0
1455946659,26,0
1455946729,26,0
1455947016,26,0
1455947587,26,0
1455948997,21,0
1455949118,21,0
1455949314,38,0
1455949982,21,0
1455952493,21,0
1455954068,38,0
1455955484,14,0
1455955515,14,0
1455955565,14,0
1455957000,21,0
1455959034,26,0
1455959076,14,0
1455962404,41,0
1455962443,41,0
1455962485,41,0
1455962572,41,0
1455962630,41,0
1455962716,41,0
1455962859,41,0
1455963149,14,0
1455964419,14,0
1455965717,14,0
1455965870,14,0
1455965902,14,0
1455968423,14,0
1455972789,48,0
1455977728,38,0
1455978041,16,0
1455982858,16,0
1455985255,44,0
1455985466,44,0
1455986373,44,0
1455986526,44,0
1455986920,44,0
1455987086,44,0
1455987278,44,0
1455992823,44,0
1455992967,44,0
1455994789,47,0
1455996780,44,1
1455998299,36,0
1455998404,21,0
1455998586,44,0
1456000281,21,0
1456003115,21,0
1456003672,21,0
1456004134,44,1
1456005411,21,0
1456006023,21,0
1456006076,21,0
1456006379,21,0
1456006772,44,1
1456007684,44,0
1456008156,44,0
1456008230,44,1
1456010560,9,0
1456010992,26,0
1456011175,26,0
1456011189,26,0
1456011213,26,0
1456011285,26,0
1456012360,44,0
1456012710,44,0
1456013789,14,0
1456014014,27,0
1456014129,27,0
1456014277,44,0
1456014326,27,0
1456015501,41,0
1456015596,41,0
1456015752,41,0
1456015765,41,0
1456015773,41,0
1456015788,41,0
1456015943,41,0
1456015974,27,0
1456016141,27,0
1456016527,44,0
1456016639,44,0
1456016759,41,0
1456017259,44,0
1456017265,36,0
1456017821,44,0
1456018223,41,0
1456018276,41,0
1456018343,41,0
1456018390,41,0
1456018397,41,0
1456018536,41,0
1456018583,41,0
1456018738,41,0
1456019156,41,0
1456019196,41,0
1456019212,41,0
1456019227,41,0
1456019313,41,0
1456019767,41,0
1456019789,26,0
1456019795,41,0
1456019805,41,0
1456019852,41,0
1456019859,41,0
1456019870,41,0
1456019909,41,0
1456019943,41,0
1456019972,41,0
1456020079,41,0
1456020088,41,0
1456020104,41,0
1456020124,41,0
1456020171,41,0
1456020247,41,0
1456020260,41,0
1456020271,41,0
1456020304,41,0
1456020337,41,0
1456020392,41,0
1456020400,8,0
1456020425,41,0
1456020470,8,0
1456020519,41,0
1456020617,41,0
1456020683,41,0
1456021108,16,0
1456021184,16,0
1456021293,41,0
1456021527,41,0
1456021659,41,0
1456021683,41,0
1456021760,41,0
1456021847,41,0
1456021915,41,0
1456022269,41,0
1456022294,41,0
1456022431,41,0
1456023244,44,0
1456023502,43,0
1456024169,44,0
1456024269,44,1
1456024365,44,1
1456025594,44,0
1456025691,44,0
1456025963,41,0
1456026065,41,0
1456026636,26,0
1456026644,26,0
1456028167,26,0
1456029362,26,0
1456031695,29,0
1456032180,21,0
1456033274,29,0
1456033526,29,0
1456035507,41,0
1456036359,18,0
1456037737,26,0
1456038656,41,0
1456038667,41,0
1456038883,41,0
1456039029,41,0
1456039105,41,0
1456039113,41,0
1456039131,41,0
1456039145,41,0
1456039153,41,0
1456039244,41,0
1456039301,41,0
1456039535,41,0
1456039566,41,0
1456039584,41,0
1456039602,41,0
1456039631,41,0
1456039634,41,0
1456039668,41,0
1456040300,36,0
1456040576,36,1
1456041921,36,0
1456041951,36,0
1456042418,26,0
1456043969,21,0
1456044277,43,0
1456047662,41,0
1456047671,41,0
1456048008,41,0
1456048040,41,0
1456048097,41,0
1456048130,41,0
1456048153,41,0
1456048169,41,0
1456048203,41,0
1456049120,41,0
1456049228,41,0
1456049250,41,0
1456049265,41,0
1456049274,41,0
1456049279,41,0
1456049294,41,0
1456049330,36,0
1456049384,36,0
1456049859,41,0
1456050493,26,0
1456050504,26,0
1456050936,41,0
1456051037,41,0
1456052585,41,0
1456052590,36,0
1456052636,41,0
1456052670,41,0
1456052715,41,0
1456053073,36,0
1456053187,36,0
1456053304,36,0
1456054818,12,0
1456054990,26,0
1456055005,26,0
1456055291,26,0
1456055296,26,0
1456055655,26,0
1456055814,26,0
1456056096,8,0
1456056235,26,0
1456056243,26,0
1456056260,26,0
1456056263,26,0
1456056272,8,0
1456056316,26,0
1456056340,26,0
1456057316,17,0
1456059869,27,0
1456061447,44,0
1456061485,44,0
1456061542,44,0
1456062586,2,0
1456066643,38,0
1456066854,38,0
1456067034,38,0
1456067702,38,0
1456067762,38,0
1456067792,38,0
1456070464,21,0
1456070510,38,0
1456070703,44,0
1456075143,38,0
1456075351,38,0
1456080765,21,0
1456082223,21,0
1456082233,38,0
1456082506,38,0
1456082544,21,0
1456082984,38,0
1456085498,38,0
1456085505,38,0
1456086258,47,0
1456087918,21,0
1456090108,29,0
1456090153,26,0
1456090558,26,0
1456092046,26,0
1456092097,26,0
1456092467,41,0
1456092564,41,0
1456092663,26,0
1456093218,21,0
1456093949,26,0
1456094481,29,0
1456095497,41,0
1456095509,41,0
1456096773,29,0
1456096792,29,0
1456097811,29,0
1456097860,41,0
1456097883,41,0
1456097992,41,0
1456098048,41,0
1456098060,41,0
1456098070,41,0
1456098087,41,0
1456098106,41,0
1456098115,41,0
1456098137,41,0
1456098154,41,0
1456098212,41,0
1456098310,41,0
1456098327,41,0
1456098431,41,0
1456098476,41,0
1456098530,41,0
1456098648,41,0
1456098856,26,0
1456099390,21,0
1456100104,14,0
1456100516,21,0
1456101443,43,0
1456104970,14,0
1456105569,8,0
1456105594,43,0
1456105855,26,0
1456105908,14,0
1456106620,36,0
1456106758,36,0
1456106888,26,0
1456108163,29,0
1456108500,10,0
1456108658,16,0
1456109773,26,0
1456109808,26,0
1456110154,26,0
1456110700,41,0
1456111302,26,0
1456111425,43,0
1456111522,43,0
1456111843,14,0
1456112166,8,0
1456112240,14,0
1456113074,43,0
1456113188,14,0
1456113200,14,0
1456113965,21,0
1456114249,21,0
1456115212,14,0
1456115960,14,0
1456116147,26,0
1456116194,41,0
1456116344,41,0
1456116446,41,0
1456116474,41,0
1456116539,41,0
1456116560,41,0
1456116586,41,0
1456116600,41,0
1456116616,41,0
1456116628,41,0
1456116635,41,0
1456116681,41,0
1456116693,41,0
1456116721,41,0
1456116740,41,0
1456116778,41,0
1456116793,41,0
1456116823,41,0
1456116881,41,0
1456116924,41,0
1456116934,41,0
1456116938,41,0
1456116965,41,0
1456116970,41,0
1456116990,41,0
1456116997,41,0
1456117630,14,0
1456122715,41,0
1456122913,41,0
1456122995,41,0
1456123031,41,0
1456123176,41,0
1456123202,41,0
1456123231,41,0
1456123251,41,0
1456124972,21,0
1456126669,14,0
1456128330,21,0
1456130833,36,0
1456130960,14,0
1456130973,36,0
1456132060,21,0
1456132265,21,0
1456136589,14,0
1456137193,26,0
1456137235,26,0
1456137261,26,0
1456138854,26,0
1456139086,11,0
1456139132,14,0
1456139280,14,0
1456139981,21,0
1456141915,14,0
1456142402,17,0
1456148001,38,0
1456154952,16,0
1456154962,16,0
1456154984,16,0
1456156704,41,0
1456156785,41,0
1456156877,41,0
1456156942,41,0
1456157460,41,0
1456157485,41,0
1456157608,21,0
1456157649,41,0
1456157810,41,0
1456163940,26,0
1456164287,36,0
1456165452,36,0
1456165945,36,0
1456167198,38,0
1456167724,36,0
1456169845,21,0
1456169964,21,0
1456170889,26,0
1456171798,15,0
1456172975,14,0
1456174051,15,0
1456174467,26,0
1456175090,43,0
1456175221,43,0
1456175479,14,0
1456175504,16,0
1456175650,36,0
1456175898,8,0
1456177028,36,0
1456177660,43,0
1456177982,44,0
1456178527,8,0
1456183036,36,0
1456183434,36,0
1456183734,36,0
1456183834,36,0
1456184083,15,0
1456184095,36,0
1456184693,36,0
1456184790,36,0
1456185407,36,0
1456185541,36,0
1456185684,36,0
1456185824,36,0
1456185902,36,0
1456186097,36,0
1456186247,36,0
1456186616,36,0
1456187248,36,0
1456187442,36,0
1456187530,44,0
1456187662,44,0
1456188010,36,0
1456188027,36,0
1456188037,36,0
1456188485,36,0
1456188494,36,0
1456188499,36,0
1456188797,44,0
1456189038,36,0
1456189272,36,0
1456189382,36,0
1456189521,36,0
1456189602,44,0
1456189729,36,0
1456189735,44,0
1456189775,36,0
1456189881,36,0
1456190106,36,0
1456190284,36,0
1456190443,36,0
1456190513,44,0
1456190991,36,0
1456191052,44,0
1456191194,13,0
1456191271,36,0
1456191447,36,0
1456191507,36,0
1456191616,36,0
1456191999,36,0
1456192422,36,0
1456192790,36,0
1456194318,14,0
1456194588,13,0
1456194610,14,0
1456198326,26,0
1456198633,21,0
1456198710,26,0
1456198870,36,0
1456198976,26,0
1456199420,26,0
1456199586,21,0
1456199596,26,0
1456199995,15,0
1456201223,36,0
1456201466,36,0
1456201674,36,0
1456202571,36,0
1456202909,36,0
1456203729,36,0
1456204309,36,0
1456204751,51,0
1456205224,10,0
1456206189,14,0
1456207764,26,0
1456207769,26,0
1456209404,13,0
1456209546,13,0
1456209689,36,0
1456210061,13,0
1456212248,41,0
1456212331,41,0
1456212639,43,0
1456213652,14,0
1456213662,41,0
1456213770,41,0
1456213837,41,0
1456213843,41,0
1456213848,41,0
1456213882,41,0
1456214242,41,0
1456214301,41,0
1456214356,41,0
1456214491,41,0
1456214933,36,0
1456216045,41,0
1456216220,14,0
1456216459,41,0
1456216572,41,0
1456216628,41,0
1456217582,14,0
1456218614,41,0
1456219212,41,0
1456219275,41,0
1456219283,41,0
1456220294,29,0
1456221251,44,0
1456221358,44,0
1456225566,44,0
1456242713,15,0
1456242726,15,0
1456247428,43,0
1456247679,43,0
1456249882,5,0
1456253070,43,0
1456253752,36,0
1456254012,41,0
1456254149,41,0
1456254530,41,0
1456256421,41,0
1456256552,43,0
1456256717,21,0
1456257037,41,0
1456257126,41,0
1456262996,44,0
1456265907,44,0
1456268223,36,0
1456268383,36,0
1456269845,1,0
1456271104,26,0
1456271405,26,0
1456273317,41,0
1456273358,41,0
1456274794,41,0
1456274801,41,0
1456274804,41,0
1456274838,41,0
1456278151,14,0
1456278160,14,0
1456278497,18,0
1456280253,26,0
1456282426,26,0
1456282571,44,0
1456282864,44,0
1456283032,15,0
1456283098,15,0
1456283147,15,0
1456283187,15,0
1456283466,44,0
1456283499,41,0
1456283504,15,0
1456283536,41,0
1456283586,44,0
1456283698,44,0
1456283726,26,0
1456283837,41,0
1456283860,26,0
1456284172,44,0
1456287654,21,0
1456287714,21,0
1456287876,21,0
1456288104,41,0
1456288285,41,0
1456288603,41,0
1456288686,26,0
1456290390,13,0
1456290821,41,0
1456290841,41,0
1456290932,41,0
1456293480,26,0
1456295356,26,0
1456295570,36,0
1456295748,41,0
1456296544,26,0
1456296546,26,0
1456296844,26,0
1456296874,26,0
1456296915,26,0
1456296996,26,0
1456297517,21,0
1456297690,26,0
1456297929,41,0
1456297943,21,0
1456297998,26,0
1456298519,41,0
1456298623,41,0
1456298644,41,0
1456298699,26,0
1456301184,41,0
1456301251,41,0
1456301411,41,0
1456301527,41,0
1456301582,41,0
1456301583,41,0
1456301879,11,0
1456301893,11,0
1456302004,11,0
1456303867,36,0
1456305273,14,0
1456306889,26,0
1456307724,26,0
1456307726,26,0
1456308027,26,0
1456308112,26,0
1456308316,26,0
1456311464,48,0
1456313007,14,0
1456313622,14,0
1456313789,14,0
1456313795,14,0
1456313824,14,0
1456313825,14,0
1456314716,14,0
1456315225,14,0
1456315302,14,0
1456315608,14,0
1456323166,36,0
1456327992,38,0
1456328975,38,0
1456331485,21,0
1456338836,36,0
1456339090,36,0
1456341161,11,0
1456341215,11,0
1456341280,11,0
1456341341,26,0
1456342135,36,0
1456342145,36,0
1456343453,36,0
1456344051,26,0
1456345378,14,0
1456346315,16,0
1456346921,14,0
1456347221,14,0
1456348275,26,0
1456348702,36,0
1456353313,43,0
1456354552,26,0
1456354576,14,0
1456355771,26,0
1456357325,26,0
1456357736,41,0
1456357938,11,0
1456357939,11,0
1456357940,11,0
1456357943,11,0
1456357947,11,0
1456357949,11,0
1456357955,11,0
1456357957,11,0
1456358972,26,0
1456358976,26,0
1456361795,26,0
1456361799,26,0
1456361827,26,0
1456362189,26,0
1456362204,26,0
1456362225,26,0
1456362228,26,0
1456362752,26,0
1456362808,26,0
1456363697,26,0
1456363891,36,0
1456365280,26,0
1456365323,26,0
1456365328,26,0
1456365519,14,1
1456365859,21,0
1456366641,26,0
1456367311,14,0
1456368017,14,0
1456368941,14,0
1456369005,14,0
1456369401,41,0
1456369437,41,0
1456369570,41,0
1456369578,41,0
1456369598,41,0
1456369728,41,0
1456369803,41,0
1456369942,51,0
1456370117,51,0
1456370640,13,0
1456370722,26,0
1456371372,26,0
1456372218,26,0
1456372284,38,0
1456372386,11,0
1456372404,26,0
1456372430,44,0
1456372441,26,0
1456373112,26,0
1456374567,36,0
1456374576,36,0
1456375918,36,0
1456376127,36,0
1456379476,21,0
1456380750,41,0
1456380847,41,0
1456380941,41,0
1456381047,41,0
1456381085,41,0
1456381165,41,0
1456381186,41,0
1456381208,41,0
1456381241,41,0
1456381248,41,0
1456381409,41,0
1456381421,41,0
1456381541,41,0
1456381545,41,0
1456381634,41,0
1456381660,41,0
1456381710,41,0
1456381841,41,0
1456381922,41,0
1456381956,41,0
1456381960,41,0
1456382042,41,0
1456382043,41,0
1456382109,41,0
1456382218,41,0
1456382316,41,0
1456382454,41,0
1456382549,41,0
1456382706,41,0
1456384220,21,0
1456385688,41,0
1456385735,41,0
1456385757,41,0
1456386358,21,0
1456386631,21,0
1456386732,21,0
1456386996,41,0
1456387094,21,0
1456387142,21,0
1456387251,41,0
1456387284,41,0
1456387297,41,0
1456387402,41,0
1456387450,41,0
1456387606,41,0
1456388340,41,0
1456388397,41,0
1456388437,41,0
1456388448,41,0
1456388725,41,0
1456388798,41,0
1456388812,41,0
1456388833,14,0
1456391006,29,0
1456391157,29,0
1456391487,29,0
1456391579,14,0
1456391954,29,0
1456392147,29,0
1456392532,14,0
1456393995,29,0
1456394401,41,0
1456394446,41,0
1456394471,41,0
1456394548,41,0
1456394563,41,0
1456395132,29,0
1456396709,29,0
1456409525,36,0
1456413694,41,0
1456413758,41,0
1456413793,41,0
1456413798,41,0
1456413818,41,0
1456413828,41,0
1456413857,41,0
1456413928,41,0
1456413951,41,0
1456413956,41,0
1456413982,41,0
1456413990,41,0
1456415753,38,0
1456416032,47,0
1456416291,38,0
1456416391,38,0
1456416476,38,0
1456416511,38,0
1456416738,41,0
1456416838,41,0
1456416892,41,0
1456418002,41,0
1456418015,41,0
1456418035,41,0
1456418960,21,0
1456420981,36,0
1456428197,36,0
1456430004,21,0
1456430095,36,0
1456436366,29,0
1456436402,29,0
1456436569,29,0
1456436775,44,0
1456437240,43,0
1456438785,14,0
1456440959,14,0
1456440980,9,0
1456441781,47,0
1456442391,14,0
1456448726,26,0
1456448753,26,0
1456449029,26,0
1456449059,26,0
1456449063,26,0
1456449066,26,0
1456449175,26,0
1456449969,43,0
1456450645,26,0
1456451569,51,0
1456451985,14,0
1456452008,51,0
1456452476,51,0
1456452557,51,0
1456452591,51,0
1456452741,51,0
1456452845,51,0
1456453145,51,0
1456453342,51,0
1456453410,51,0
1456453771,51,0
1456453887,51,0
1456453916,51,0
1456454066,36,0
1456454290,36,0
1456454421,36,0
1456454585,26,0
1456454658,36,0
1456454907,43,0
1456454995,43,0
1456455435,41,0
1456456677,9,0
1456456746,9,0
1456456807,9,0
1456456884,9,0
1456457340,29,0
1456457625,9,0
1456458330,44,0
1456458549,44,0
1456459936,51,0
1456460038,51,0
1456460185,51,0
1456460241,51,0
1456461839,14,0
1456462413,51,0
1456462482,51,0
1456462523,14,0
1456465189,51,0
1456465227,51,0
1456465928,51,0
1456466200,41,0
1456466241,41,0
1456466352,41,0
1456466441,41,0
1456466459,41,0
1456466559,41,0
1456466653,51,0
1456466690,41,0
1456466746,41,0
1456466955,41,0
1456466993,51,0
1456467055,41,0
1456467170,51,0
1456467243,41,0
1456467247,51,0
1456467305,41,0
1456467337,41,0
1456467337,43,0
1456467352,41,0
1456467359,43,0
1456467449,51,0
1456467562,51,0
1456467568,15,0
1456467845,51,0
1456467886,51,0
1456467906,51,0
1456468190,51,0
1456468348,51,0
1456468361,51,0
1456468454,51,0
1456469430,51,0
1456469528,51,0
1456469593,51,0
1456469756,51,0
1456469915,51,0
1456470126,51,0
1456470219,51,0
1456470237,51,0
1456470610,51,0
1456470715,51,0
1456470754,51,0
1456470912,51,0
1456471134,51,0
1456471195,14,0
1456471248,41,0
1456471282,36,0
1456471288,36,0
1456471315,36,0
1456471345,36,0
1456471347,36,0
1456471375,41,0
1456471744,41,0
1456471824,41,0
1456472492,51,0
1456472988,9,0
1456473276,9,0
1456473344,51,0
1456473742,51,0
1456474046,51,0
1456474207,51,0
1456475895,15,0
1456476924,13,0
1456477033,13,0
1456477286,26,0
1456477294,26,0
1456479797,41,0
1456481542,11,0
1456482097,26,0
1456484112,8,0
1456484883,14,0
1456486728,8,0
1456494771,44,0
1456498119,16,0
1456498445,16,0
1456499775,38,0
1456500872,16,0
1456505541,38,0
1456506387,38,0
1456506487,38,0
1456508327,36,0
1456508490,36,0
1456508541,36,0
1456508714,36,0
1456510289,36,0
1456510515,36,0
1456510641,36,0
1456510935,36,0
1456510944,36,0
1456511421,36,0
1456511819,36,0
1456511822,36,0
1456512911,26,0
1456513241,36,0
1456513255,36,0
1456513927,43,0
1456514556,21,0
1456515633,36,0
1456516168,21,0
1456520636,11,0
1456520668,11,0
1456520691,14,0
1456520697,11,0
1456521708,14,0
1456522981,14,0
1456525029,26,0
1456525564,14,0
1456525980,26,0
1456527894,41,0
1456527910,41,0
1456528096,41,0
1456528104,41,0
1456528126,29,0
1456528190,41,0
1456528198,41,0
1456528222,41,0
1456528648,14,0
1456529268,51,0
1456529790,51,0
1456529989,51,0
1456530026,51,0
1456530218,51,0
1456531143,38,0
1456531168,38,0
1456531375,26,0
1456531528,38,0
1456531712,26,0
1456532235,26,0
1456532246,26,0
1456532248,14,0
1456532485,38,0
1456532948,8,0
1456533060,26,0
1456533365,43,0
1456534088,21,0
1456534543,43,0
1456534567,44,0
1456537902,43,0
1456538797,26,0
1456539029,43,0
1456539702,43,0
1456542025,43,0
1456542519,26,0
1456542595,26,0
1456543555,9,0
1456543603,13,0
1456543641,26,0
1456544115,36,0
1456544320,51,0
1456544456,51,0
1456544564,51,0
1456544850,36,0
1456544934,21,0
1456545547,12,0
1456545605,12,0
1456545755,15,0
1456545928,15,0
1456546017,21,0
1456546233,15,0
1456546244,44,0
1456546427,44,0
1456546536,43,0
1456546616,15,0
1456546858,51,0
1456549349,21,0
1456549443,21,0
1456549815,43,0
1456550333,30,0
1456550339,30,0
1456550400,30,0
1456550425,30,0
1456550447,30,0
1456550457,30,0
1456550464,21,0
1456550467,30,0
1456550504,30,0
1456550560,30,0
1456550606,30,0
1456551001,30,0
1456551008,51,0
1456551042,51,0
1456551353,51,0
1456551425,51,0
1456551617,51,0
1456551756,51,0
1456551805,51,0
1456551847,51,0
1456552430,51,0
1456552440,51,0
1456552518,51,0
1456552604,51,0
1456552724,30,0
1456552860,30,0
1456552937,30,0
1456553075,30,0
1456553080,36,0
1456553115,30,0
1456553122,41,0
1456553197,30,0
1456553278,51,0
1456553478,30,0
1456553513,30,0
1456553543,30,0
1456553564,30,0
1456553582,30,0
1456553590,30,0
1456553592,30,0
1456553653,30,0
1456553696,30,0
1456553712,51,0
1456553852,30,0
1456553989,30,0
1456553992,30,0
1456554001,51,0
1456554021,30,0
1456554073,30,0
1456554098,30,0
1456554185,30,0
1456554188,30,0
1456554407,30,0
1456554526,30,0
1456554788,30,0
1456554919,30,0
1456556115,21,0
1456556119,21,0
1456556448,29,0
1456556490,26,0
1456556493,26,0
1456556530,21,0
1456556545,26,0
1456556702,21,0
1456557026,14,0
1456559386,26,0
1456559452,41,0
1456560627,26,0
1456560763,26,0
1456561286,26,0
1456561355,26,0
1456561864,15,0
1456561906,15,0
1456562121,15,0
1456563046,36,0
1456563158,26,0
1456563859,41,0
1456563931,41,0
1456563975,41,0
1456563996,41,0
1456564077,41,0
1456564138,41,0
1456564265,38,0
1456564646,26,0
1456564665,26,0
1456566379,41,0
1456566398,41,0
1456571119,51,0
1456573610,43,0
1456574465,39,0
1456574752,39,0
1456579342,38,0
1456585158,47,0
1456592515,30,0
1456594194,36,0
1456594331,36,0
1456594398,36,0
1456598705,16,0
1456598867,30,0
1456598940,30,0
1456602649,43,0
1456604568,38,0
1456604907,38,0
1456605752,38,0
1456605785,38,0
1456606322,17,0
1456606427,38,0
1456606466,38,0
1456606569,38,0
1456606667,38,0
1456606892,38,0
1456607257,38,0
1456607462,41,0
1456607518,41,0
1456607559,38,0
1456607652,41,0
1456607656,41,0
1456607703,26,0
1456607748,41,0
1456607863,21,0
1456607940,41,0
1456607965,41,0
1456607981,41,0
1456608588,38,0
1456609081,38,0
1456609194,38,0
1456611392,41,0
1456611487,43,0
1456611554,41,0
1456611626,41,0
1456611635,41,0
1456611649,41,0
1456611663,41,0
1456611707,41,0
1456611905,41,0
1456612304,41,0
1456612970,15,0
1456614197,21,0
1456614397,21,0
1456619077,47,0
1456619304,15,0
1456619326,15,0
1456619353,15,0
1456619375,15,0
1456619401,15,0
1456619423,41,0
1456619438,41,0
1456619480,41,0
1456621650,41,0
1456621813,41,0
1456625197,36,0
1456625216,36,0
1456625787,36,0
1456626185,41,0
1456627192,47,0
1456627890,36,0
1456628032,36,0
1456628887,14,0
1456632561,14,0
1456632915,38,0
1456634073,14,0
1456635117,14,0
1456637788,21,0
1456641252,38,0
1456641386,30,0
1456641403,30,0
1456641881,14,0
1456641912,21,0
1456642207,43,0
1456642337,47,0
1456643186,47,0
1456644292,13,0
1456644298,14,0
1456644339,14,0
1456644469,14,0
1456644487,14,0
1456644730,14,0
1456644770,14,0
1456645235,14,0
1456646812,26,0
1456648183,21,0
1456648535,26,0
1456649190,26,0
1456649349,26,0
1456649634,36,0
1456649699,14,0
1456649796,14,0
1456649872,14,0
1456649888,36,0
1456650025,14,0
1456650139,14,0
1456650148,36,0
1456650161,14,0
1456650183,21,0
1456650219,13,0
1456650250,14,0
1456650398,13,0
1456650578,36,0
1456650650,14,0
1456650843,14,0
1456651013,36,0
1456651019,36,0
1456651029,36,0
1456651066,36,0
1456651241,14,0
1456651307,14,0
1456651492,14,0
1456651547,17,0
1456651556,14,0
1456651624,14,0
1456651655,14,0
1456651700,14,0
1456651736,14,0
1456651840,13,0
1456651871,13,0
1456651884,14,0
1456651907,13,0
1456651913,14,0
1456651950,14,0
1456651957,13,0
1456652079,26,0
1456652095,43,0
1456652138,14,0
1456652148,36,0
1456652158,14,0
1456652183,14,0
1456652513,36,0
1456652782,26,0
1456652935,14,0
1456653095,14,0
1456653311,14,0
1456653406,14,0
1456653432,14,0
1456653602,14,0
1456653633,14,0
1456654331,14,0
1456654796,14,0
1456660088,14,0
1456660364,39,0
1456660573,39,0
1456660630,14,0
1456661587,14,0
1456661615,14,0
1456662440,14,0
1456664922,38,0
1456668244,38,0
1456674634,16,0
1456676267,38,0
1456676774,16,0
1456677256,16,0
1456677419,16,0
1456678217,30,0
1456678253,16,0
1456678506,16,0
1456678750,16,0
1456678881,16,0
1456679168,38,0
1456679274,38,0
1456679765,38,0
1456680516,30,0
1456681428,38,0
1456681530,38,0
1456683712,38,0
1456684264,38,0
1456684304,38,0
1456684354,38,0
1456684678,38,0
1456687660,38,0
1456688959,21,0
1456689068,38,0
1456689069,21,0
1456689981,30,0
1456692287,36,0
1456692344,36,0
1456692951,36,0
1456692977,36,0
1456695310,36,0
1456695740,41,0
1456695766,41,0
1456695783,41,0
1456696162,41,0
1456696177,5,0
1456696195,41,0
1456699125,36,0
1456700645,36,0
1456703385,41,0
1456703607,41,0
1456703710,41,0
1456703772,41,0
1456703869,41,0
1456703980,41,0
1456704027,41,0
1456704038,41,0
1456704122,41,0
1456704168,41,0
1456704266,41,0
1456704279,41,0
1456704284,41,0
1456704302,41,0
1456704328,41,0
1456704356,41,0
1456704363,41,0
1456704380,41,0
1456704534,41,0
1456704570,41,0
1456704909,41,0
1456704914,41,0
1456704927,41,0
1456704935,41,0
1456704948,41,0
1456704993,41,0
1456705021,41,0
1456705101,41,0
1456705132,41,0
1456705146,41,0
1456705240,41,0
1456706219,51,0
1456706488,26,0
1456707097,26,0
1456708579,26,0
1456708685,26,0
1456708703,26,0
1456709008,26,0
1456709699,21,0
1456710886,14,0
1456712068,16,0
1456712654,30,0
1456712680,16,0
1456716136,36,0
1456716247,36,0
1456716250,36,0
1456716514,26,0
1456717575,51,0
1456717607,51,0
1456718093,38,0
1456718125,38,0
1456718174,51,0
1456718185,51,0
1456718251,38,0
1456718329,51,0
1456718442,51,0
1456718573,51,0
1456718765,51,0
1456718874,51,0
1456718920,51,0
1456718971,51,0
1456719207,43,0
1456719255,51,0
1456719297,51,0
1456719527,51,0
1456719686,51,0
1456719897,51,0
1456720002,36,0
1456720743,51,0
1456720928,51,0
1456721023,26,0
1456721036,51,0
1456722010,51,0
1456722245,51,0
1456722399,51,0
1456722674,39,0
1456722701,39,0
1456722759,39,0
1456722888,39,0
1456722947,39,0
1456722989,39,0
1456723136,39,0
1456723260,39,0
1456723417,39,0
1456723489,39,0
1456723500,41,0
1456723513,39,0
1456723530,41,0
1456723535,39,0
1456724091,51,0
1456724314,21,0
1456724327,51,0
1456724520,51,0
1456724703,51,0
1456724728,51,0
1456725345,14,0
1456726197,51,0
1456727320,21,0
1456728181,51,0
1456728204,51,0
1456728469,51,0
1456728802,51,0
1456728876,13,0
1456728879,51,0
1456728949,51,0
1456728988,51,0
1456729130,51,0
1456729210,51,0
1456729463,51,0
1456729642,51,0
1456730918,13,0
1456732713,26,0
1456733738,13,0
1456736732,26,0
1456736775,26,0
1456739757,14,0
1456740218,14,0
1456741356,14,0
1456741390,14,0
1456741774,14,0
1456745010,36,0
1456745364,26,0
1456750965,16,0
1456752110,16,0
1456752158,16,0
1456752699,16,0
1456753133,38,0
1456757487,16,0
1456757652,16,0
1456759059,16,0
1456759619,16,0
1456761297,38,0
1456761479,38,0
1456763477,38,0
1456765415,38,0
1456765963,38,0
1456766020,38,0
1456767448,43,0
1456769886,36,0
1456771455,43,0
1456775354,26,0
1456775400,26,0
1456775681,21,0
1456775699,21,0
1456775718,21,0
1456779734,26,0
1456780026,26,0
1456780091,26,0
1456780101,26,0
1456780114,26,0
1456784031,13,0
1456784768,14,0
1456785910,14,0
1456786114,27,0
1456786406,30,0
1456786598,27,0
1456786608,27,0
1456786617,27,0
1456786701,27,0
1456789287,26,0
1456789339,26,0
1456789378,26,0
1456791446,36,0
1456792737,30,0
1456792763,30,0
1456792833,51,0
1456792866,30,0
1456792948,30,0
1456792983,39,0
1456793082,51,0
1456793136,39,0
1456793196,39,0
1456793201,39,0
1456793508,30,0
1456794016,39,0
1456795152,26,0
1456795309,26,0
1456795944,43,0
1456796647,26,0
1456798540,36,0
1456800158,36,0
1456800914,26,0
1456801189,26,0
1456801339,26,0
1456803753,41,0
1456803785,41,0
1456803785,41,0
1456803788,41,0
1456804062,16,0
1456805245,36,0
1456805707,21,0
1456805751,21,0
1456805798,21,0
1456806173,1,0
1456806950,41,0
1456807236,41,0
1456807250,41,0
1456807256,36,0
1456807755,36,0
1456808468,44,0
1456808474,36,0
1456808536,36,0
1456809365,51,0
1456809398,51,0
1456809607,51,0
1456809639,51,0
1456809980,51,0
1456810036,51,0
1456810075,44,0
1456811935,43,0
1456813345,43,0
1456813987,41,0
1456814040,41,0
1456814265,41,0
1456814270,41,0
1456814330,41,0
1456814422,41,0
1456814453,41,0
1456814597,41,0
1456814629,41,0
1456814641,41,0
1456814685,41,0
1456814737,41,0
1456814798,51,0
1456814812,51,0
1456815192,41,0
1456815324,41,0
1456815399,41,0
1456815418,41,0
1456816693,43,0
1456816761,15,0
1456816804,43,0
1456816944,43,0
1456816954,43,0
1456816994,43,0
1456817000,43,0
1456817031,43,0
1456817089,15,0
1456817158,15,0
1456817167,41,0
1456817174,15,0
1456817203,41,0
1456817205,41,0
1456817212,41,0
1456817220,41,0
1456817254,41,0
1456817262,41,0
1456817283,41,0
1456817639,43,0
1456818247,41,0
1456818557,10,0
1456818821,33,0
1456820509,41,0
1456820562,41,0
1456820576,41,0
1456820590,41,0
1456820618,41,0
1456822117,13,0
1456822162,13,0
1456826482,44,0
1456826563,14,0
1456826591,14,0
1456826975,44,0
1456827075,44,0
1456827300,44,0
1456828134,8,0
1456828271,8,0
1456828324,8,0
1456830967,38,0
1456834206,48,0
1456846996,41,0
1456847011,41,0
1456847122,41,0
1456847310,41,0
1456847361,41,0
1456847740,41,0
1456847752,41,0
1456848953,41,0
1456851058,21,0
1456851689,41,0
1456851718,41,0
1456858048,43,0
1456859098,36,0
1456862091,21,0
1456862151,21,0
1456862499,21,0
1456864878,38,0
1456866456,14,0
1456868638,43,0
1456868720,43,0
1456868824,43,0
1456868917,43,0
1456869040,43,0
1456869117,43,0
1456869150,43,0
1456869789,14,0
1456869804,14,0
1456870015,43,0
1456871412,51,0
1456871748,51,0
1456871785,51,0
1456871810,51,0
1456871985,51,0
1456873938,26,0
1456876443,26,0
1456876584,26,0
1456876732,36,0
1456876770,16,0
1456876967,36,0
1456877048,26,0
1456877294,36,0
1456877519,26,0
1456880122,21,0
1456880484,21,0
1456881964,12,0
1456882177,12,0
1456882573,12,0
1456882904,51,0
1456883043,26,0
1456883705,36,0
1456885580,41,0
1456886778,47,0
1456887182,21,0
1456887435,21,0
1456887526,21,0
1456887656,21,0
1456888360,1,0
1456889068,21,0
1456893802,51,0
1456893819,51,0
1456893944,51,0
1456894095,26,0
1456894188,51,0
1456894286,51,0
1456894409,51,0
1456894550,51,0
1456894668,51,0
1456894797,51,0
1456894849,51,0
1456895014,51,0
1456895092,51,0
1456895181,51,0
1456895714,51,0
1456896117,51,0
1456896195,51,0
1456896202,51,0
1456896277,51,0
1456896333,51,0
1456896432,51,0
1456896552,51,0
1456896577,51,0
1456896720,51,0
1456896797,51,0
1456896960,51,0
1456897101,51,0
1456897107,51,0
1456897130,51,0
1456897192,51,0
1456897220,51,0
1456897256,51,0
1456897314,51,0
1456897423,51,0
1456897522,51,0
1456897785,51,0
1456897806,51,0
1456897942,51,0
1456898276,51,0
1456898320,14,0
1456898472,14,0
1456898483,51,0
1456898618,51,0
1456898801,51,0
1456899268,13,0
1456899268,51,0
1456899517,51,0
1456899916,51,0
1456900028,51,0
1456900482,51,0
1456900558,51,0
1456900618,51,0
1456900655,51,0
1456900954,51,0
1456901028,51,0
1456901138,51,0
1456901177,36,0
1456902633,51,0
1456902669,51,0
1456904519,41,0
1456904591,41,0
1456904606,41,0
1456904623,41,0
1456904632,41,0
1456904638,41,0
1456904656,41,0
1456904665,41,0
1456904673,41,0
1456904681,41,0
1456904700,41,0
1456904705,41,0
1456904726,41,0
1456906452,21,0
1456907460,18,0
1456908176,18,0
1456908399,18,0
1456908493,18,0
1456910004,44,0
1456911013,26,0
1456911920,39,0
1456911986,39,0
1456912197,39,0
1456912306,14,0
1456912390,14,0
1456912425,39,0
1456912441,39,0
1456912670,39,0
1456912965,39,0
1456913264,39,0
1456913402,44,0
1456913554,26,0
1456913578,39,0
1456913709,39,0
1456913796,26,0
1456913835,8,0
1456913914,14,0
1456914024,39,0
1456914149,39,0
1456914170,26,0
1456914180,14,0
1456914222,39,0
1456914507,39,0
1456914707,44,0
1456914807,44,0
1456915105,44,0
1456915115,39,0
1456915236,39,0
1456915628,44,0
1456915679,14,0
1456915691,14,0
1456915746,14,0
1456915832,14,0
1456916270,44,0
1456916675,14,0
1456916711,14,0
1456916750,14,0
1456916753,14,0
1456917945,39,0
1456918210,14,0
1456918237,14,0
1456918302,39,0
1456918572,39,0
1456918607,39,0
1456918765,39,0
1456919305,14,0
1456919340,38,0
1456922752,30,0
1456930567,47,0
1456933637,41,0
1456933663,41,0
1456933925,41,0
1456934949,13,0
1456939382,21,0
1456939793,36,0
1456942390,36,0
1456942606,36,0
1456944829,16,0
1456944842,16,0
1456945914,36,0
1456945956,21,0
1456946274,36,0
1456946418,36,0
1456946634,13,0
1456946800,36,0
1456946960,36,0
1456949020,21,0
1456949705,11,0
1456950430,36,0
1456953410,26,0
1456953423,26,0
1456954665,26,0
1456954753,16,0
1456954905,16,0
1456955058,51,0
1456955083,26,0
1456955199,26,0
1456955448,51,0
1456956055,26,0
1456956120,26,0
1456956136,26,0
1456956231,51,0
1456956289,51,0
1456957092,51,0
1456957110,51,0
1456957146,51,0
1456957293,51,0
1456957652,26,0
1456957944,51,0
1456958219,43,0
1456959143,51,0
1456959209,51,0
1456959262,51,0
1456959447,51,0
1456959780,51,0
1456960016,51,0
1456960029,51,0
1456960959,26,0
1456961502,30,0
1456961510,26,0
1456961633,26,0
1456962193,26,0
1456962223,26,0
1456963713,36,0
1456963793,36,0
1456964267,44,0
1456964389,44,0
1456964458,36,0
1456964510,51,0
1456964887,26,0
1456965050,26,0
1456965226,26,0
1456965250,26,0
1456965323,26,0
1456966110,51,0
1456966184,51,0
1456971077,51,0
1456972409,41,0
1456972429,41,0
1456972739,41,0
1456972757,41,0
1456972773,41,0
1456972891,41,0
1456972899,51,0
1456972923,41,0
1456972927,41,0
1456972936,41,0
1456972944,44,0
1456972964,41,0
1456972969,51,0
1456973008,41,0
1456973046,44,0
1456973143,51,0
1456973153,21,0
1456973274,51,0
1456973311,51,0
1456973450,51,0
1456973566,51,0
1456973625,51,0
1456973716,51,0
1456973767,51,0
1456973797,51,0
1456973893,51,0
1456973985,51,0
1456974014,51,0
1456974198,51,0
1456974249,51,0
1456974531,51,0
1456974537,51,0
1456974603,51,0
1456975130,26,0
1456975466,51,0
1456975538,18,0
1456975545,36,0
1456975579,51,0
1456975662,51,0
1456975936,51,0
1456976126,36,0
1456976131,36,0
1456976439,51,0
1456976610,36,0
1456977295,51,0
1456977349,51,0
1456977531,51,0
1456977877,51,0
1456977975,29,0
1456977981,36,0
1456978563,51,0
1456979096,51,0
1456979176,51,0
1456979340,51,0
1456979426,51,0
1456979504,51,0
1456980278,36,0
1456980332,51,0
1456980429,36,0
1456982033,51,0
1456982727,51,0
1456983737,41,0
1456985230,51,0
1456985254,51,0
1456985302,51,0
1456985483,51,0
1456985641,51,0
1456985653,51,0
1456986055,51,0
1456986067,51,0
1456987658,51,0
1456988097,41,0
1456988142,41,0
1456988287,41,0
1456988374,51,0
1456988427,51,0
1456988489,51,0
1456988491,51,0
1456988519,51,0
1456988551,51,0
1456988571,51,0
1456988670,51,0
1456990437,41,0
1456990691,41,0
1456990707,41,0
1456990716,41,0
1456990763,41,0
1456991089,41,0
1456993574,21,0
1456993648,26,0
1456993739,26,0
1456994040,21,0
1456994087,26,0
1456994659,21,0
1456994800,26,0
1456995053,38,0
1456995111,38,0
1456995939,26,0
1456996195,51,0
1456996322,44,0
1456996401,51,0
1456996435,21,0
1456996490,51,0
1456996516,51,0
1456996534,44,0
1456996534,51,0
1456996759,44,0
1456996788,51,0
1456996927,51,0
1456997241,51,0
1456997395,51,0
1456997565,21,0
1456998215,51,0
1456998261,51,0
1456998329,51,0
1456998421,51,0
1456998635,51,0
1456998675,51,0
1456998717,51,0
1456998818,51,0
1456998996,51,0
1456999070,51,0
1456999468,38,0
1456999481,51,0
1456999562,51,0
1456999634,38,0
1456999893,51,0
1456999930,51,0
1456999960,51,0
1457000354,51,0
1457000778,51,0
1457000940,51,0
1457001280,51,0
1457001439,51,0
1457002400,14,0
1457004197,39,0
1457004315,39,0
1457004809,26,0
1457004973,26,0
1457006276,39,0
1457006373,39,0
1457006452,39,0
1457006462,39,0
1457006565,26,0
1457006604,26,0
1457006626,39,0
1457007426,26,0
1457008672,16,0
1457008861,38,0
1457013624,27,0
1457013667,27,0
1457014145,26,0
1457014264,26,0
1457014796,26,0
1457015179,44,0
1457015646,26,0
1457018153,41,0
1457018161,41,0
1457018172,41,0
1457018187,41,0
1457028844,38,0
1457029049,43,0
1457031090,38,0
1457031251,38,0
1457033698,21,0
1457034005,36,0
1457037228,36,0
1457038235,14,0
1457039604,16,0
1457039717,16,0
1457039855,16,0
1457040525,21,0
1457041449,21,0
1457042160,11,0
1457042248,8,0
1457042367,36,0
1457042380,36,0
1457042806,14,0
1457044965,38,0
1457045100,16,0
1457045443,38,0
1457047860,30,0
1457048020,41,0
1457048066,41,0
1457048143,41,0
1457048946,44,0
1457049388,41,0
1457049395,41,0
1457049400,41,0
1457049474,41,0
1457049476,41,0
1457049479,41,0
1457049491,41,0
1457049528,41,0
1457049565,41,0
1457049770,41,0
1457051739,51,0
1457051753,51,0
1457051962,30,0
1457052484,51,0
1457052774,30,0
1457052803,51,0
1457052864,51,0
1457053129,51,0
1457053243,51,0
1457053294,51,0
1457053378,51,0
1457053420,51,0
1457053476,51,0
1457053507,51,0
1457053550,51,0
1457053615,26,0
1457053681,51,0
1457053765,51,0
1457053962,51,0
1457054044,51,0
1457054396,51,0
1457054453,51,0
1457054678,51,0
1457054681,51,0
1457055771,51,0
1457055813,15,0
1457056038,8,0
1457056095,15,0
1457056264,30,0
1457056780,51,0
1457059497,47,0
1457060100,21,0
1457060452,21,0
1457060608,36,0
1457060656,36,0
1457060663,36,0
1457060687,36,0
1457060747,44,0
1457060819,36,0
1457060853,44,0
1457062027,21,0
1457065878,41,0
1457066013,41,0
1457066131,51,0
1457066156,41,0
1457066281,41,0
1457066300,41,0
1457066322,41,0
1457066393,41,0
1457066470,41,0
1457066564,41,0
1457066724,51,0
1457066726,51,0
1457066766,41,0
1457066775,41,0
1457066816,41,0
1457066845,21,0
1457066870,41,0
1457066966,21,0
1457066992,41,0
1457067026,41,0
1457067172,43,0
1457067205,51,0
1457068437,51,0
1457068476,21,0
1457068483,51,0
1457068507,21,0
1457068557,21,0
1457069997,26,0
1457070013,26,0
1457070027,26,0
1457070112,26,0
1457070160,26,0
1457070182,26,0
1457070190,26,0
1457070559,14,1
1457071269,26,0
1457071647,21,0
1457071795,43,0
1457071949,51,0
1457072021,51,0
1457072203,51,0
1457072662,44,0
1457072703,51,0
1457073594,21,0
1457073665,16,0
1457073724,16,0
1457073856,14,0
1457074026,21,0
1457074399,21,0
1457075595,14,0
1457075772,14,0
1457076077,8,0
1457077042,14,0
1457077552,26,0
1457077576,26,0
1457078752,41,0
1457079760,44,0
1457080845,14,0
1457081493,14,0
1457081835,14,0
1457081869,14,0
1457082054,14,0
1457082107,14,0
1457082359,1,0
1457082376,8,1
1457082470,14,1
1457082743,8,0
1457084359,14,0
1457084716,39,0
1457084739,14,0
1457084756,14,0
1457084777,39,0
1457084829,39,0
1457084914,39,0
1457085329,14,0
1457085503,14,0
1457086156,44,0
1457087096,44,0
1457087435,14,0
1457087650,14,0
1457088715,39,0
1457089495,14,0
1457090332,14,0
1457091524,17,0
1457091559,44,0
1457091866,11,0
1457093202,38,0
1457102709,48,0
1457102738,48,0
1457108536,13,1
1457108614,13,0
1457108653,13,0
1457109321,30,0
1457110977,43,1
1457115240,36,0
1457115872,8,0
1457115970,8,0
1457119865,38,0
1457119889,21,0
1457119902,21,0
1457120099,44,0
1457120255,36,0
1457120700,36,0
1457120835,21,0
1457121058,17,0
1457122373,36,0
1457122391,41,1
1457122765,41,1
1457123932,38,0
1457125468,12,0
1457125534,12,0
1457125547,12,0
1457125591,12,0
1457125902,12,0
1457126094,16,0
1457126434,16,0
1457126440,12,0
1457126481,16,0
1457126606,16,0
1457127912,43,0
1457128478,14,0
1457128857,43,0
1457129150,14,0
1457130155,14,0
1457130234,14,0
1457130423,14,0
1457130759,30,0
1457130769,30,0
1457130862,30,0
1457131156,26,0
1457131317,26,0
1457131470,14,0
1457131841,1,0
1457131846,16,0
1457132026,16,0
1457132061,16,0
1457132245,30,0
1457132376,16,0
1457132690,16,0
1457133256,16,0
1457133545,30,0
1457133795,39,0
1457134108,14,0
1457134230,30,0
1457134315,30,0
1457134546,39,0
1457135589,39,0
1457136047,39,0
1457137549,26,0
1457137551,26,0
1457137554,26,0
1457137564,26,0
1457137890,5,0
1457138067,26,0
1457138085,26,0
1457138346,26,0
1457140416,43,0
1457140431,26,0
1457140707,26,0
1457140876,26,1
1457142246,51,0
1457142303,30,0
1457142492,51,0
1457142906,30,0
1457143103,26,0
1457143538,48,0
1457143556,30,0
1457144019,51,0
1457144290,30,0
1457144623,30,0
1457144742,30,0
1457144867,30,0
1457147250,30,0
1457147802,30,0
1457148024,16,0
1457149089,30,0
1457149425,26,0
1457149429,26,0
1457149788,30,0
1457149812,30,0
1457150073,30,0
1457150092,30,0
1457150194,30,0
1457151816,43,1
1457151818,43,0
1457152415,16,0
1457152476,41,0
1457153842,48,0
1457154277,43,0
1457154618,38,0
1457155613,48,0
1457155623,8,1
1457160083,44,0
1457162388,48,0
1457162405,48,0
1457163226,41,0
1457163307,41,0
1457163325,41,0
1457163358,41,0
1457163474,41,0
1457163593,41,0
1457163593,41,1
1457163593,41,0
1457163594,41,0
1457163594,41,0
1457163653,41,0
1457163680,41,0
1457163694,41,0
1457163712,41,0
1457163806,48,1
1457165765,26,0
1457165952,26,0
1457166730,26,0
1457167637,41,0
1457167679,16,0
1457167718,16,0
1457167891,41,0
1457167893,16,0
1457167906,41,0
1457167963,16,0
1457168060,41,0
1457168132,41,0
1457168181,41,0
1457168205,41,0
1457168249,41,0
1457168380,41,0
1457168403,41,0
1457168482,41,0
1457168745,41,0
1457168789,41,0
1457168800,41,0
1457168827,41,0
1457170233,41,0
1457170248,41,0
1457170286,41,0
1457171006,38,0
1457171405,38,0
1457173505,21,0
1457176559,39,0
1457176671,36,0
1457176689,36,0
1457176730,36,1
1457177272,26,0
1457177544,26,0
1457177555,26,0
1457177958,26,0
1457179010,13,0
1457179062,36,0
1457179152,44,0
1457179203,36,0
1457179208,36,0
1457179724,26,0
1457180194,36,0
1457180224,36,0
1457184714,36,0
1457184761,36,0
1457194069,38,0
1457197242,30,0
1457199048,44,0
1457199093,30,0
1457199096,30,0
1457200073,44,0
1457201796,44,0
1457204603,30,0
1457205889,36,0
1457205907,36,0
1457205929,36,0
1457206127,36,0
1457207710,21,0
1457210613,36,0
1457211136,12,0
1457211289,12,0
1457211909,26,0
1457213741,16,0
1457214318,36,0
1457214328,36,0
1457217717,51,0
1457218313,44,0
1457220208,26,0
1457220639,26,0
1457220680,26,0
1457220724,26,0
1457220813,26,0
1457221279,36,0
1457221284,36,0
1457221367,36,0
1457222908,43,0
1457224116,36,0
1457224621,51,0
1457224745,51,0
1457225903,30,0
1457225952,30,0
1457226422,30,0
1457226467,51,0
1457227052,51,0
1457227318,51,0
1457229136,36,0
1457229627,44,0
1457229891,36,0
1457230278,51,0
1457230388,51,0
1457230528,51,0
1457230625,51,0
1457230914,51,0
1457231154,51,0
1457231491,51,0
1457232305,44,0
1457232355,44,0
1457232435,26,0
1457232989,43,0
1457235274,36,0
1457235280,36,0
1457235448,36,0
1457236416,30,0
1457236444,30,0
1457236780,30,0
1457236834,51,0
1457237114,30,0
1457237306,30,0
1457237424,30,0
1457237497,30,0
1457237539,36,0
1457237549,30,0
1457237764,30,0
1457237786,30,0
1457237858,30,0
1457238148,30,0
1457238171,30,0
1457238247,30,0
1457238322,43,0
1457238744,43,0
1457238902,30,0
1457240113,30,0
1457240137,30,0
1457240165,30,0
1457240492,21,0
1457240875,1,0
1457242150,13,0
1457243030,51,0
1457244762,51,0
1457244871,51,0
1457246480,43,0
1457246526,51,0
1457246603,51,0
1457246645,43,0
1457246650,51,0
1457247056,21,0
1457247149,21,0
1457249432,51,0
1457250650,43,0
1457251276,26,0
1457251756,1,0
1457253007,41,0
1457253035,41,0
1457253059,41,0
1457253071,41,0
1457253079,41,0
1457253083,41,0
1457253130,41,0
1457253138,41,0
1457253182,41,0
1457253191,21,0
1457253230,41,0
1457253356,41,0
1457253364,41,0
1457253394,41,0
1457253429,41,0
1457253438,41,0
1457255986,14,0
1457257094,48,1
1457257215,38,0
1457258116,26,0
1457258144,26,0
1457258935,14,0
1457259924,14,0
1457259945,14,0
1457259957,14,0
1457260107,14,0
1457260250,14,0
1457261725,14,0
1457261775,14,0
1457261832,14,0
1457261879,14,0
1457261939,14,0
1457261980,14,0
1457262030,14,0
1457262059,14,0
1457262067,14,0
1457262285,14,0
1457262380,14,0
1457263133,2,0
1457263224,2,0
1457263364,2,0
1457263394,2,0
1457264286,8,0
1457264339,14,0
1457264579,36,0
1457264998,14,0
1457266523,36,0
1457266555,36,0
1457266568,36,0
1457266604,36,0
1457266617,36,0
1457266626,36,0
1457266640,36,0
1457266645,36,0
1457266652,36,0
1457266662,36,0
1457266684,36,0
1457266722,36,0
1457266772,36,0
1457266789,36,0
1457266820,36,0
1457266830,36,0
1457273161,44,0
1457275496,36,0
1457275696,36,0
1457277378,16,0
1457277495,16,0
1457277624,16,0
1457277677,16,0
1457277905,16,0
1457278226,16,0
1457278313,16,0
1457279181,38,0
1457283684,30,0
1457284751,44,0
1457287745,38,0
1457287959,38,0
1457288114,38,0
1457288192,38,0
1457288509,36,0
1457288938,36,0
1457289015,38,0
1457289189,38,0
1457289842,21,0
1457289889,21,0
1457289974,21,0
1457290248,21,0
1457291195,21,0
1457292277,38,0
1457292297,38,0
1457295726,38,0
1457296918,36,0
1457297987,15,0
1457298008,36,0
1457298068,15,0
1457298120,36,0
1457298140,15,0
1457298155,15,0
1457298553,26,0
1457298880,26,0
1457304425,36,0
1457304926,36,0
1457305032,36,0
1457305062,36,0
1457305606,36,0
1457305628,36,0
1457306312,44,0
1457306330,44,0
1457306805,44,0
1457306812,44,0
1457306820,44,0
1457306825,44,0
1457306830,44,0
1457306837,44,1
1457306873,44,0
1457306883,44,0
1457306886,44,0
1457306987,44,0
1457306992,44,0
1457307243,44,0
1457307879,44,0
1457309464,26,0
1457309703,16,0
1457310190,44,0
1457310420,44,0
1457310457,44,0
1457311409,51,0
1457311451,51,0
1457311592,51,0
1457311681,51,0
1457311705,14,0
1457311706,51,0
1457311779,51,0
1457311834,51,0
1457312467,51,0
1457312802,3,0
1457312805,30,0
1457312960,51,0
1457313036,51,0
1457313145,51,0
1457313185,14,0
1457313301,51,0
1457313328,51,0
1457313360,51,0
1457313610,51,0
1457314406,3,0
1457314409,3,0
1457315025,51,0
1457315092,51,0
1457315210,51,0
1457315224,51,0
1457315348,51,0
1457315687,30,0
1457315702,30,0
1457315876,51,0
1457316301,30,0
1457316361,30,0
1457317404,14,0
1457317952,36,0
1457319118,3,0
1457320223,21,0
1457320320,21,0
1457320452,3,0
1457320686,3,0
1457320763,3,0
1457320858,3,0
1457321534,14,0
1457321860,14,0
1457322805,16,0
1457322880,47,0
1457323096,14,0
1457323110,14,0
1457323221,47,0
1457323282,13,0
1457323695,14,0
1457323862,21,0
1457323869,21,0
1457323894,21,0
1457324740,3,0
1457324779,3,0
1457324849,13,0
1457324871,3,0
1457325436,36,0
1457325620,25,0
1457325858,44,0
1457327089,25,0
1457327452,39,0
1457327564,25,0
1457327856,39,0
1457328074,39,0
1457328319,39,0
1457328693,25,0
1457329238,14,0
1457329312,39,0
1457329314,25,0
1457329329,39,0
1457330464,39,0
1457330576,44,0
1457330902,39,0
1457331512,39,0
1457331865,39,0
1457333113,39,0
1457333521,39,0
1457333990,39,0
1457334388,39,0
1457336035,39,0
1457336866,1,0
1457337814,39,0
1457338139,13,0
1457338188,48,0
1457338317,48,1
1457338457,41,0
1457338513,41,0
1457338551,41,0
1457338566,41,0
1457338589,26,0
1457338596,41,0
1457339661,39,0
1457339669,26,0
1457340550,17,0
1457341399,39,0
1457341520,14,0
1457341908,39,0
1457342004,44,0
1457342435,39,0
1457342591,39,0
1457344443,39,0
1457344537,26,0
1457344640,39,0
1457344797,39,0
1457344846,26,0
1457344853,26,0
1457344858,39,0
1457344878,39,0
1457344927,39,0
1457344962,39,0
1457345153,39,0
1457345213,39,0
1457345925,39,0
1457346090,39,0
1457347187,39,0
1457347497,14,0
1457348291,26,0
1457350081,39,0
1457351424,26,0
1457355417,25,0
1457355492,25,0
1457355552,25,0
1457360675,3,0
1457360730,3,0
1457361100,3,0
1457361187,3,0
1457361245,3,0
1457361323,3,0
1457365334,21,0
1457366521,21,0
1457366608,21,0
1457367002,41,0
1457367050,41,0
1457367152,41,0
1457367177,41,0
1457367203,41,0
1457367250,41,0
1457367284,41,0
1457367297,41,0
1457367313,41,0
1457367378,41,0
1457370718,3,0
1457370778,3,0
1457370835,3,0
1457370932,3,0
1457371636,3,0
1457372270,38,0
1457372327,38,0
1457372748,38,0
1457373248,30,0
1457373355,3,0
1457373515,36,0
1457373968,3,0
1457374847,3,0
1457374944,36,0
1457375378,36,0
1457375397,36,0
1457375410,36,0
1457375434,36,0
1457375475,36,0
1457376247,25,0
1457376409,25,0
1457376785,25,0
1457376844,25,0
1457376859,36,0
1457376866,36,0
1457377465,36,0
1457378465,25,0
1457378845,38,0
1457379630,36,0
1457379651,36,0
1457380020,3,0
1457380631,38,0
1457380779,38,0
1457380827,38,0
1457381155,38,0
1457381191,38,0
1457381217,38,0
1457381276,25,0
1457381307,38,0
1457381474,38,0
1457381598,38,0
1457381647,38,0
1457382612,14,0
1457382628,14,0
1457383016,14,0
1457385369,25,0
1457385533,25,0
1457385706,36,0
1457385733,36,0
1457385821,25,0
1457387774,44,0
1457387843,44,0
1457387893,44,0
1457387969,44,0
1457388040,44,0
1457388059,36,0
1457388085,43,0
1457388135,38,0
1457388333,36,0
1457388484,36,0
1457389468,25,0
1457389639,44,0
1457391146,44,0
1457391261,12,0
1457391555,16,0
1457391557,30,0
1457391559,30,0
1457391927,3,0
1457392129,44,0
1457394083,11,0
1457394089,11,0
1457394277,11,0
1457394283,11,0
1457394373,11,0
1457395601,21,0
1457396473,3,0
1457397682,25,0
1457398258,26,0
1457399900,25,0
1457401706,14,0
1457401926,26,0
1457401930,26,0
1457401945,25,0
1457402022,25,0
1457403252,14,0
1457403386,44,0
1457403513,44,0
1457403527,26,0
1457404026,25,0
1457404626,26,0
1457404628,26,0
1457404631,26,0
1457404660,43,0
1457404806,36,0
1457404818,43,0
1457405715,25,0
1457405745,36,0
1457405785,36,0
1457405792,36,0
1457405879,25,0
1457405931,25,0
1457406086,25,0
1457406122,25,0
1457406172,25,0
1457406784,43,0
1457407302,44,0
1457407424,44,0
1457408159,41,0
1457408290,41,0
1457408300,41,0
1457408823,1,0
1457409319,3,0
1457409707,51,0
1457410043,25,0
1457410059,51,0
1457410327,44,0
1457410428,25,0
1457410482,44,0
1457410592,25,0
1457410651,25,0
1457411435,3,0
1457412037,44,0
1457412384,36,0
1457412390,36,0
1457412758,44,0
1457413383,25,0
1457414174,43,0
1457414342,51,0
1457417684,51,0
1457417717,43,0
1457418398,26,0
1457419185,43,0
1457419695,13,0
1457421346,41,0
1457421394,51,0
1457421417,41,0
1457421499,41,0
1457421512,41,0
1457421519,41,0
1457421569,51,0
1457421581,41,0
1457421626,41,0
1457421632,41,0
1457422036,21,0
1457422107,21,0
1457422129,21,0
1457422660,51,0
1457422703,51,0
1457422801,51,0
1457422887,51,0
1457422999,43,0
1457423318,43,0
1457424103,51,0
1457425146,21,0
1457425421,43,0
1457425447,43,0
1457425608,26,0
1457425656,26,0
1457425783,43,0
1457428775,18,0
1457428810,18,0
1457428839,18,0
1457430563,26,0
1457430568,26,0
1457430610,26,0
1457433609,39,0
1457433771,39,0
1457433911,39,0
1457433928,39,0
1457435648,26,0
1457435652,26,0
1457435657,26,0
1457435679,26,0
1457435733,26,0
1457435866,39,0
1457435895,39,0
1457442089,25,0
1457442095,25,0
1457443482,11,0
1457445671,48,0
1457446980,44,0
1457447013,3,0
1457447083,3,0
1457448079,16,0
1457453105,12,0
1457454813,38,0
1457457752,36,0
1457458067,36,0
1457458874,36,0
1457460565,3,0
1457460811,44,0
1457460967,3,0
1457461327,36,0
1457461436,44,0
1457461581,36,0
1457461610,36,0
1457461616,36,0
1457461687,36,0
1457461709,36,0
1457463139,25,0
1457464402,3,0
1457464925,14,0
1457466318,2,0
1457466634,2,0
1457466749,36,0
1457466836,36,0
1457466956,36,0
1457467126,36,0
1457467716,44,0
1457469846,12,0
1457470508,21,0
1457470530,21,0
1457471546,36,0
1457471748,43,0
1457471803,43,0
1457472436,14,0
1457472479,14,0
1457472513,36,0
1457472740,18,0
1457472835,36,0
1457474523,41,0
1457474704,21,0
1457474765,21,0
1457475579,41,0
1457478035,14,0
1457478384,30,0
1457478951,25,0
1457479015,12,0
1457481139,25,0
1457481516,26,0
1457481580,25,0
1457481693,47,0
1457482399,30,0
1457482725,25,0
1457482739,17,0
1457482756,17,0
1457483000,26,0
1457484031,30,0
1457484410,30,0
1457487196,43,0
1457487641,25,0
1457487671,36,0
1457487819,21,0
1457487847,21,0
1457488047,21,0
1457488959,25,0
1457489689,25,0
1457489775,25,0
1457489948,25,0
1457490033,25,0
1457490676,36,0
1457490758,36,0
1457490839,36,0
1457490868,36,0
1457490899,36,0
1457490992,30,0
1457492531,48,0
1457493188,25,0
1457493256,44,0
1457493322,36,0
1457494305,25,0
1457494383,25,0
1457494582,25,0
1457498431,36,0
1457498526,26,0
1457498534,26,0
1457498927,36,0
1457499017,25,0
1457499024,26,0
1457499061,26,0
1457499063,26,0
1457499425,13,0
1457499833,21,0
1457499839,25,0
1457500458,43,0
1457501268,21,0
1457501271,51,0
1457501379,21,0
1457501702,51,0
1457501848,51,0
1457502005,21,0
1457502409,51,0
1457502477,51,0
1457502574,44,0
1457502672,25,0
1457502729,25,0
1457502785,21,0
1457502914,51,0
1457502927,51,0
1457503069,21,0
1457503357,25,0
1457504352,51,0
1457504608,13,0
1457506031,51,0
1457506087,51,0
1457506181,51,0
1457506200,51,0
1457506678,21,0
1457507082,51,0
1457507906,36,0
1457511440,1,0
1457512710,43,0
1457515025,41,0
1457515051,41,0
1457515186,41,0
1457515197,41,0
1457515213,41,0
1457515254,41,0
1457515408,41,0
1457515444,41,0
1457515457,41,0
1457515483,41,0
1457515504,41,0
1457515577,41,0
1457515639,41,0
1457515723,41,1
1457515772,41,0
1457515819,41,0
1457515900,41,0
1457515909,41,0
1457515936,41,0
1457515977,41,0
1457516142,44,0
1457517107,48,1
1457517117,48,0
1457517205,48,0
1457517625,14,0
1457518050,14,0
1457518070,14,0
1457518548,14,0
1457518732,26,0
1457518825,26,0
1457518937,26,0
1457518950,26,0
1457519179,26,0
1457519435,26,0
1457519483,26,0
1457519494,26,0
1457520092,39,0
1457520184,39,0
1457520285,39,0
1457520595,44,0
1457521006,44,0
1457521042,14,0
1457521230,44,0
1457521421,44,0
1457521444,17,0
1457521646,44,0
1457521712,44,0
1457521764,44,1
1457521930,44,1
1457529018,26,0
1457532322,25,0
1457532607,25,0
1457532847,25,0
1457532979,25,0
1457533312,25,0
1457535175,25,0
1457535270,25,0
1457536430,3,0
1457536458,3,0
1457536473,3,0
1457536497,3,0
1457537783,3,0
1457537793,3,0
1457537953,38,0
1457538054,38,0
1457538105,3,0
1457538199,38,0
1457538253,38,0
1457538259,3,0
1457538278,3,0
1457538370,3,0
1457538501,3,0
1457538602,3,0
1457538671,3,0
1457538823,3,0
1457538826,3,0
1457538860,3,0
1457538894,3,0
1457538913,38,0
1457538941,3,0
1457538944,3,0
1457538984,3,0
1457539270,3,0
1457539278,3,0
1457539280,3,0
1457539442,3,0
1457539544,25,0
1457540461,38,0
1457541354,3,0
1457542915,3,0
1457543118,3,0
1457547281,3,0
1457547470,36,0
1457547596,36,0
1457549311,36,0
1457549315,36,0
1457549339,36,0
1457549374,36,0
1457549740,36,0
1457549792,5,0
1457549846,36,0
1457549957,36,0
1457550522,44,0
1457553439,36,0
1457553468,36,0
1457554134,36,0
1457554419,3,0
1457554493,17,0
1457554556,3,0
1457554768,14,0
1457555341,3,0
1457555420,36,0
1457555620,14,0
1457556200,3,0
1457556573,3,0
1457557281,3,0
1457557281,3,0
1457557478,36,0
1457557540,3,0
1457557899,36,0
1457558224,14,0
1457558375,14,0
1457558461,36,0
1457559186,43,0
1457559644,3,0
1457559848,3,0
1457559861,3,0
1457560390,3,0
1457560536,26,0
1457561257,21,0
1457561325,21,0
1457562079,26,0
1457562223,26,0
1457563286,43,0
1457564185,30,0
1457564260,30,0
1457564274,30,0
1457564441,39,0
1457564996,25,0
1457565087,14,0
1457566133,43,0
1457566229,39,0
1457566276,44,0
1457566425,3,0
1457566437,39,0
1457566572,3,0
1457566577,3,0
1457566631,3,0
1457566674,3,0
1457566875,3,0
1457566946,30,0
1457567135,36,0
1457567154,39,0
1457567315,39,0
1457567621,30,0
1457567984,39,0
1457568051,39,0
1457568085,25,0
1457568191,39,0
1457568277,25,0
1457568385,39,0
1457568610,3,0
1457568647,3,0
1457568766,3,0
1457568792,39,0
1457568844,3,0
1457568850,3,0
1457569032,3,0
1457569081,3,0
1457569150,3,0
1457569191,3,0
1457569212,3,0
1457569301,3,0
1457569420,3,0
1457570446,25,0
1457570505,25,0
1457570511,25,0
1457570580,25,0
1457570754,39,0
1457570968,39,0
1457571041,39,0
1457571194,14,0
1457571635,30,0
1457571706,39,0
1457571746,30,0
1457571857,25,0
1457571986,30,0
1457572295,25,0
1457572580,25,0
1457572612,43,0
1457572656,26,0
1457572945,44,0
1457572970,43,0
1457573201,43,0
1457573315,25,0
1457573397,43,0
1457573556,43,0
1457573642,25,0
1457573680,36,0
1457573778,21,0
1457574316,36,0
1457574857,36,0
1457574898,25,0
1457575191,43,0
1457575291,43,0
1457575544,14,0
1457575548,14,0
1457575721,43,0
1457575980,43,0
1457576194,14,0
1457576207,25,0
1457576412,21,0
1457576656,21,0
1457576679,43,0
1457576791,21,0
1457576898,3,0
1457577496,36,0
1457578409,3,0
1457578428,3,0
1457578462,3,0
1457578500,3,0
1457578671,3,0
1457578687,3,0
1457578772,12,0
1457578779,3,0
1457578834,3,0
1457578861,3,0
1457578903,3,0
1457579053,3,0
1457579372,14,0
1457579833,44,0
1457580238,44,0
1457580328,25,0
1457580427,25,0
1457580558,25,0
1457581254,25,0
1457581268,25,0
1457581347,33,0
1457581405,25,0
1457582738,25,0
1457583393,39,0
1457583835,11,0
1457584803,44,0
1457585025,14,0
1457585107,43,0
1457585817,26,0
1457586017,1,0
1457586106,25,0
1457586131,25,0
1457586388,26,0
1457586397,26,0
1457586425,3,0
1457586575,3,0
1457586595,26,0
1457586606,3,0
1457586701,3,0
1457586707,3,0
1457586738,3,0
1457586796,25,0
1457586817,43,0
1457586835,25,0
1457586908,3,0
1457587052,43,0
1457587167,43,0
1457587585,1,0
1457587626,3,0
1457587637,1,0
1457587651,3,0
1457587692,3,0
1457587887,43,0
1457588307,1,0
1457588364,1,0
1457588494,3,1
1457588729,1,0
1457588768,1,0
1457589098,21,0
1457589112,51,0
1457589246,1,0
1457589282,1,0
1457589443,51,0
1457589618,1,0
1457589655,1,0
1457589736,3,1
1457589881,3,1
1457589933,1,0
1457589969,1,0
1457590035,17,0
1457590043,51,0
1457590047,3,1
1457590261,17,0
1457590273,3,0
1457590302,1,0
1457590389,26,0
1457590563,3,0
1457590589,1,0
1457590628,3,1
1457590690,51,0
1457590889,51,1
1457591098,38,0
1457591623,1,0
1457592030,26,0
1457592811,51,0
1457593045,51,0
1457593093,51,0
1457593174,51,0
1457593692,51,0
1457594277,9,0
1457597616,51,0
1457597634,51,0
1457599566,14,0
1457600735,8,0
1457602382,17,0
1457602680,41,0
1457602769,41,0
1457604229,14,0
1457607422,38,0
1457607431,38,0
1457607904,39,0
1457608705,39,0
1457608861,39,0
1457609190,39,0
1457609312,39,0
1457609611,26,0
1457610802,26,0
1457611127,26,0
1457611131,26,0
1457611298,39,0
1457611789,39,0
1457611813,25,0
1457612034,39,0
1457626471,41,0
1457626566,41,0
1457626623,41,0
1457626641,41,0
1457626666,41,0
1457627042,21,0
1457627234,21,0
1457627250,21,0
1457627979,3,0
1457628207,3,0
1457628491,3,0
1457628492,3,0
1457628515,3,0
1457628769,3,0
1457628843,3,0
1457628903,3,0
1457628917,3,0
1457628974,21,0
1457629288,3,0
1457631746,3,0
1457632077,3,0
1457632584,3,0
1457632648,3,0
1457632681,36,0
1457633745,25,0
1457634163,21,0
1457637226,36,0
1457637952,38,0
1457639126,3,0
1457639302,3,0
1457639725,3,0
1457639844,3,0
1457639885,3,0
1457639920,3,0
1457639991,21,0
1457640003,21,0
1457640038,3,0
1457640093,3,0
1457640115,3,0
1457640132,21,0
1457640219,3,0
1457640264,3,0
1457641338,15,0
1457643617,14,0
1457643782,14,0
1457643992,3,0
1457644148,3,0
1457644191,3,0
1457645087,12,0
1457645211,12,0
1457645220,36,0
1457645224,12,0
1457645519,3,0
1457645986,43,0
1457646012,15,0
1457646221,38,0
1457646244,43,0
1457646376,38,0
1457646417,43,0
1457646474,17,0
1457647066,43,0
1457647272,21,0
1457647293,43,0
1457647393,43,0
1457647584,21,0
1457648118,12,0
1457648307,14,0
1457648851,14,0
1457649002,14,0
1457649116,41,0
1457649139,41,0
1457649242,41,0
1457649316,14,0
1457649521,14,0
1457649579,14,0
1457649609,15,0
1457649796,14,0
1457650382,30,0
1457650385,30,0
1457650398,30,0
1457651654,14,0
1457651764,14,0
1457651873,14,0
1457652595,25,0
1457652716,15,0
1457652730,25,0
1457652757,15,0
1457652806,26,0
1457652982,14,0
1457655563,36,0
1457656501,44,0
1457657385,25,0
1457657847,30,0
1457657943,30,0
1457658123,26,0
1457658247,26,0
1457658593,26,0
1457658657,26,0
1457659117,30,0
1457659638,21,0
1457659646,36,0
1457659773,14,0
1457660021,26,0
1457660076,26,0
1457661158,41,0
1457661218,41,0
1457661530,44,0
1457661867,29,0
1457662113,25,0
1457662478,44,0
1457664017,36,0
1457664157,26,0
1457664537,30,0
1457664543,30,0
1457664713,41,0
1457665044,30,0
1457665169,30,0
1457665199,36,0
1457665253,30,0
1457665322,41,0
1457665348,30,0
1457665432,30,0
1457665537,39,0
1457665842,21,0
1457666822,18,0
1457667471,25,0
1457668227,25,0
1457669292,14,0
1457669421,43,0
1457669965,25,0
1457670473,1,0
1457670473,1,0
1457671911,25,0
1457673136,25,0
1457673658,25,0
1457673915,25,0
1457673937,25,0
1457674258,38,0
1457674497,25,0
1457674716,25,0
1457674730,25,0
1457674811,25,0
1457674856,25,0
1457675236,26,0
1457675261,21,0
1457675776,21,0
1457675825,36,0
1457675910,26,0
1457676072,21,0
1457676145,41,0
1457676185,41,0
1457676194,21,0
1457676196,41,0
1457676205,41,0
1457676214,41,0
1457676258,41,0
1457676267,41,1
1457676272,41,1
1457676283,41,0
1457676341,41,1
1457676344,41,1
1457676360,21,0
1457676372,41,1
1457676377,41,1
1457676382,41,1
1457676385,41,1
1457676391,41,1
1457676397,41,1
1457676408,41,1
1457676416,41,1
1457676420,41,1
1457676427,41,1
1457676429,41,1
1457676437,41,1
1457676497,41,1
1457676510,41,1
1457676597,41,0
1457676664,41,0
1457676682,41,0
1457676924,41,0
1457676979,41,0
1457676998,41,0
1457677019,41,0
1457677030,41,0
1457677259,41,0
1457677337,41,0
1457677356,41,0
1457677439,26,0
1457677441,41,0
1457677527,41,0
1457677718,26,0
1457677962,41,0
1457678013,21,0
1457678311,38,0
1457678527,41,0
1457678543,41,0
1457678614,41,0
1457678661,41,0
1457678668,41,0
1457678743,41,0
1457678756,41,0
1457680662,13,1
1457680665,13,1
1457681256,13,0
1457682188,43,0
1457682198,9,1
1457682203,9,1
1457682208,9,1
1457682242,9,1
1457682270,9,1
1457684776,26,0
1457684850,26,0
1457684856,26,0
1457685185,26,0
1457685760,15,0
1457685853,41,0
1457685866,41,0
1457685998,15,0
1457686242,41,0
1457686256,41,0
1457686270,41,0
1457686297,41,0
1457686311,41,0
1457686340,41,0
1457686360,41,0
1457686405,41,0
1457686433,41,0
1457686465,41,0
1457686518,41,0
1457686551,41,0
1457686602,41,0
1457686617,41,0
1457686629,41,0
1457689059,26,0
1457689212,26,0
1457689472,39,0
1457690690,26,0
1457690916,39,0
1457691242,26,0
1457692020,39,0
1457692263,14,0
1457693611,14,0
1457694394,14,0
1457697092,26,0
1457698461,26,0
1457700504,26,0
1457701428,48,0
1457701606,48,0
1457703117,26,0
1457703576,3,0
1457703892,26,0
1457705331,25,0
1457708341,38,0
1457708480,38,0
1457711945,26,0
1457712004,26,0
1457712163,26,0
1457714050,44,0
1457714279,25,0
1457714292,25,0
1457714631,25,0
1457714977,25,0
1457715071,25,0
1457715163,25,0
1457715820,25,0
1457716166,25,0
1457722276,43,0
1457722609,38,0
1457723033,38,0
1457723094,38,0
1457723142,43,0
1457723577,38,0
1457723764,43,0
1457723933,38,0
1457724009,26,0
1457724216,38,0
1457724294,44,0
1457724514,38,0
1457724588,36,0
1457724706,36,0
1457724711,38,0
1457724755,38,0
1457724852,38,0
1457724909,38,0
1457724982,38,0
1457725038,38,0
1457725255,38,0
1457725283,38,0
1457725300,38,0
1457725660,36,0
1457725874,38,0
1457725926,21,0
1457726024,38,0
1457726027,21,0
1457726047,38,0
1457726218,38,0
1457726241,38,0
1457726358,21,0
1457726403,43,0
1457726804,38,0
1457726820,38,0
1457726847,38,0
1457726866,38,0
1457727127,38,0
1457727144,38,0
1457728134,38,0
1457729295,30,0
1457729993,25,0
1457730166,25,0
1457730307,36,0
1457730381,25,0
1457730527,25,0
1457731205,38,0
1457731595,43,0
1457731601,43,0
1457731722,44,0
1457732241,43,0
1457732254,43,0
1457732291,43,0
1457732400,44,1
1457732465,44,0
1457733430,43,0
1457733489,36,0
1457734484,9,0
1457735054,26,0
1457735120,21,0
1457735421,14,0
1457735617,25,0
1457735654,25,0
1457736302,25,0
1457736336,25,0
1457736377,26,0
1457736512,18,0
1457736679,41,0
1457736701,41,0
1457737955,44,0
1457738849,44,0
1457738887,44,0
1457739586,44,0
1457740131,30,0
1457740228,30,0
1457742261,43,0
1457743289,44,0
1457743330,30,0
1457744281,44,0
1457744368,44,0
1457746304,21,0
1457746373,21,0
1457746861,44,0
1457747150,21,0
1457748064,25,0
1457748073,25,0
1457749570,21,0
1457750392,3,0
1457750536,3,0
1457750803,3,0
1457751030,43,0
1457751896,26,0
1457752858,3,0
1457753184,3,0
1457753264,3,0
1457753326,3,0
1457753538,3,0
1457753556,3,0
1457753582,3,0
1457753677,3,0
1457753932,30,0
1457754208,21,0
1457754271,43,0
1457755263,3,0
1457755357,3,0
1457755396,3,0
1457755401,3,0
1457756454,21,0
1457756820,44,0
1457756920,44,0
1457756975,44,0
1457757144,44,0
1457757589,3,0
1457757614,25,0
1457757948,25,0
1457758074,3,0
1457758088,3,0
1457758706,26,0
1457758904,44,0
1457759681,25,0
1457761764,25,0
1457763153,41,0
1457763176,41,0
1457763228,41,0
1457763231,41,1
1457763243,41,0
1457763328,41,0
1457763395,44,0
1457763396,41,0
1457763406,41,0
1457764117,51,0
1457764995,14,0
1457765096,14,0
1457765694,14,0
1457765777,14,0
1457766356,36,0
1457766452,41,0
1457766716,3,0
1457766936,36,0
1457772365,41,0
1457772368,41,0
1457774098,18,0
1457774098,18,0
1457774378,9,0
1457774684,9,0
1457775008,43,0
1457775413,41,0
1457775421,41,0
1457775465,41,0
1457775523,41,0
1457775539,41,0
1457775552,41,0
1457775583,41,0
1457775608,41,0
1457775708,41,0
1457775761,41,0
1457775773,41,0
1457775834,41,0
1457775881,41,0
1457775908,41,0
1457775924,41,0
1457776535,14,0
1457780837,14,0
1457784478,38,0
1457784508,38,0
1457785354,43,0
1457785432,8,0
1457786664,38,0
1457793102,44,0
1457793637,3,0
1457793999,3,0
1457794037,3,0
1457795649,3,0
1457795818,48,0
1457799241,3,0
1457799261,3,0
1457800326,25,0
1457800799,25,0
1457801109,25,0
1457801256,3,0
1457801313,3,0
1457801444,25,0
1457801467,25,0
1457801529,30,0
1457801560,30,0
1457801738,25,0
1457803405,3,0
1457804310,21,0
1457804779,25,0
1457804818,25,0
1457804906,25,0
1457805062,25,0
1457805105,3,0
1457805159,3,0
1457805171,21,0
1457805357,36,0
1457805368,36,0
1457805382,36,0
1457805412,36,0
1457805416,36,0
1457806140,36,0
1457807151,30,0
1457807235,30,0
1457807276,30,0
1457807785,30,0
1457807850,30,0
1457807852,30,0
1457807882,30,0
1457810063,36,0
1457810101,9,0
1457810185,3,0
1457810496,25,0
1457811156,11,0
1457812304,3,0
1457812600,21,0
1457812824,44,0
1457813490,26,0
1457813553,51,0
1457813826,51,0
1457814190,25,0
1457814249,25,0
1457814383,51,0
1457814472,25,0
1457814545,25,0
1457815313,21,0
1457816651,41,0
1457816692,41,0
1457816750,41,0
1457816948,41,0
1457816957,41,0
1457816984,41,0
1457817012,41,0
1457817170,41,0
1457817261,41,0
1457817564,43,0
1457818197,36,0
1457819257,25,0
1457819309,25,0
1457819888,38,0
1457820078,8,0
1457820165,41,0
1457820356,41,0
1457821033,25,0
1457821081,25,0
1457821102,25,0
1457821634,21,0
1457822651,3,0
1457822699,3,0
1457822787,3,0
1457822798,3,0
1457822833,3,0
1457822907,3,0
1457823036,3,0
1457823105,3,0
1457823156,3,0
1457823183,3,0
1457823503,3,0
1457823523,3,0
1457823545,3,0
1457823943,9,0
1457824060,3,0
1457828564,33,1
1457828681,3,0
1457830255,12,0
1457830255,12,0
1457831131,25,0
1457833522,25,0
1457833572,25,0
1457833924,25,0
1457834802,25,0
1457835290,30,0
1457836039,51,0
1457836170,30,0
1457836239,30,0
1457836256,30,0
1457836976,25,0
1457837761,30,0
1457837842,30,0
1457837944,44,0
1457838508,30,0
1457839729,36,0
1457840366,25,0
1457840937,36,0
1457841132,51,0
1457841341,36,0
1457843009,51,0
1457843119,14,0
1457843337,25,0
1457843391,25,0
1457843519,51,0
1457843839,25,0
1457843905,21,0
1457845710,21,0
1457845724,21,0
1457846050,36,0
1457846149,26,0
1457846207,25,0
1457846370,25,0
1457848039,14,0
1457849463,21,0
1457849481,25,0
1457849557,25,0
1457849578,25,0
1457849649,51,0
1457849974,41,0
1457850908,25,0
1457851206,25,0
1457851647,25,0
1457851762,44,0
1457851844,25,0
1457851925,25,0
1457851937,25,0
1457852380,25,0
1457852592,21,0
1457852601,41,0
1457852706,25,0
1457852826,41,0
1457853359,26,0
1457853843,21,0
1457853847,25,0
1457854394,25,0
1457854908,41,0
1457855507,41,0
1457855669,41,0
1457855683,41,0
1457856639,21,0
1457871496,36,0
1457871510,36,0
1457871562,36,0
1457871566,36,0
1457873983,44,0
1457874955,38,0
1457875145,38,0
1457875190,38,0
1457875295,38,0
1457876591,36,0
1457878096,38,0
1457878293,3,0
1457878350,3,0
1457878673,3,0
1457880075,25,0
1457880088,25,0
1457880096,25,0
1457880145,25,0
1457880340,25,0
1457880568,25,0
1457880634,25,0
1457880654,25,0
1457880700,11,0
1457880738,11,0
1457880743,11,0
1457880755,11,0
1457880787,25,0
1457881207,11,0
1457881226,11,0
1457881703,38,0
1457881909,25,0
1457882021,25,0
1457883148,25,0
1457883429,25,0
1457883618,25,0
1457883646,38,0
1457885971,25,0
1457887515,3,0
1457887536,3,0
1457891417,21,0
1457895291,3,0
1457895303,3,0
1457895411,3,0
1457895497,3,0
1457895676,3,0
1457895745,3,0
1457895813,3,0
1457895856,3,0
1457895995,3,0
1457896216,3,0
1457896405,3,0
1457896723,3,0
1457896968,3,0
1457897021,3,0
1457897104,3,0
1457897187,3,0
1457897337,3,0
1457897374,3,0
1457897790,3,0
1457897951,3,0
1457897972,3,0
1457898047,3,0
1457898059,3,0
1457898173,3,0
1457898198,3,0
1457898742,21,0
1457898887,3,0
1457898900,3,0
1457899018,41,0
1457899021,41,0
1457899129,41,0
1457899211,3,0
1457899221,3,0
1457899470,44,0
1457899810,3,0
1457899869,3,0
1457900685,41,0
1457900707,41,0
1457900737,41,0
1457900757,41,0
1457900770,41,0
1457900848,41,0
1457900892,41,0
1457901148,14,0
1457901822,21,0
1457901922,21,0
1457904586,41,0
1457904704,41,0
1457904717,41,0
1457904778,41,0
1457904898,43,0
1457905093,36,0
1457905158,3,0
1457905294,21,0
1457905295,36,0
1457905678,3,0
1457905700,3,0
1457907006,3,0
1457907060,3,0
1457907087,3,0
1457907092,3,0
1457907722,43,0
1457908633,41,0
1457908645,41,0
1457909183,8,0
1457909724,3,0
1457910272,8,0
1457911178,25,0
1457911192,25,0
1457911206,25,0
1457911394,41,0
1457911762,25,0
1457912278,39,0
1457912434,39,0
1457914221,3,0
1457914257,3,0
1457915480,39,0
1457916499,41,0
1457917039,41,0
1457917127,41,0
1457917136,41,0
1457917239,41,0
1457917358,41,0
1457917543,41,0
1457917568,41,0
1457917594,41,0
1457917626,41,0
1457917640,41,0
1457917646,41,0
1457917730,26,0
1457917782,41,0
1457917815,41,0
1457917839,41,0
1457917988,43,0
1457918452,43,0
1457918467,43,0
1457919382,43,0
1457920094,38,0
1457920217,30,0
1457920304,30,0
1457920349,41,0
1457920540,30,0
1457920990,38,0
1457922148,47,0
1457922186,21,0
1457923069,25,0
1457923678,41,0
1457923747,41,0
1457923914,44,0
1457924593,21,0
1457924937,21,0
1457925871,26,0
1457928850,25,0
1457928867,25,0
1457929705,3,0
1457929849,2,0
1457929863,2,0
1457929883,2,0
1457929883,2,0
1457929969,3,0
1457930170,3,0
1457930368,48,0
1457931657,25,0
1457934114,25,0
1457934430,21,0
1457934575,25,0
1457934777,25,0
1457934924,39,0
1457935076,25,0
1457935268,25,0
1457935436,25,0
1457935502,25,0
1457935514,25,0
1457935657,39,0
1457935862,25,0
1457936655,17,0
1457936655,17,0
1457937597,21,0
1457937897,14,1
1457938854,41,0
1457938919,41,0
1457938963,41,0
1457938980,41,0
1457939890,41,0
1457939895,41,0
1457939918,41,0
1457940069,41,0
1457940123,41,0
1457943007,51,0
1457944961,13,0
1457945297,13,0
1457945538,13,0
1457947407,36,0
1457947658,44,0
1457947696,44,0
1457951750,16,0
1457951849,16,0
1457951904,16,0
1457951979,16,0
1457951991,16,0
1457952090,16,0
1457952290,48,0
1457952817,14,0
1457954494,38,0
1457955063,44,0
1457957016,25,0
1457957475,38,0
1457959970,38,0
1457961811,3,0
1457961978,3,0
1457962807,3,0
1457964279,41,0
1457964286,41,0
1457965870,41,0
1457967834,25,0
1457967909,25,0
1457967944,25,0
1457967969,25,0
1457968045,25,0
1457969416,36,0
1457969511,36,0
1457969516,36,0
1457969547,36,0
1457972837,25,0
1457972905,25,0
1457972928,25,0
1457973009,25,0
1457973019,25,0
1457973229,11,0
1457973737,36,0
1457973746,43,0
1457974488,15,0
1457974599,15,0
1457974623,15,0
1457974629,15,0
1457974689,15,0
1457975113,30,0
1457975178,30,0
1457975346,30,0
1457975375,30,0
1457975443,11,0
1457975499,30,0
1457975507,30,0
1457977439,5,0
1457977439,5,0
1457977530,21,0
1457977588,21,0
1457978495,41,0
1457978550,41,0
1457978587,41,0
1457979048,38,0
1457979972,38,0
1457980138,38,0
1457980725,25,0
1457981335,51,0
1457981487,3,0
1457981491,3,0
1457981507,3,0
1457981536,51,0
1457981660,3,0
1457981800,51,0
1457982012,51,0
1457982961,51,0
1457982994,51,0
1457983270,14,0
1457983272,14,0
1457983668,14,0
1457984073,3,0
1457984178,43,0
1457984282,3,0
1457985134,36,0
1457986006,25,0
1457986019,25,0
1457987345,3,0
1457990745,26,0
1457991183,44,0
1457992630,26,0
1457992961,44,0
1457994884,25,0
1457995598,26,0
1457996716,21,0
1457996723,33,0
1457996786,25,0
1457997047,25,0
1457997845,43,0
1457998170,25,0
1457998435,43,0
1457998986,26,0
1457999110,43,0
1457999246,43,0
1457999297,38,0
1457999492,25,0
1458000517,38,0
1458001194,43,0
1458002093,41,0
1458002240,41,0
1458002399,41,0
1458002425,41,0
1458002620,3,0
1458003782,30,0
1458003965,9,0
1458003965,9,0
1458004522,3,0
1458004716,14,0
1458007019,25,0
1458007668,16,0
1458007743,16,0
1458007755,16,0
1458008717,33,0
1458009881,25,0
1458011055,21,0
1458011608,36,0
1458011693,36,0
1458011727,25,0
1458011790,25,0
1458012179,48,0
1458012413,21,0
1458013434,25,0
1458013508,36,0
1458013597,36,0
1458014275,51,0
1458014369,51,0
1458014450,51,0
1458014463,51,0
1458014867,25,0
1458015773,51,0
1458016016,51,0
1458016277,25,0
1458016364,21,0
1458016533,51,0
1458016643,51,0
1458016848,51,0
1458017041,51,0
1458017049,25,0
1458017079,25,0
1458017082,36,0
1458017224,21,0
1458017602,21,0
1458018162,8,0
1458019189,51,0
1458019224,25,0
1458019274,25,0
1458019277,41,0
1458019325,41,0
1458019346,41,0
1458019364,41,0
1458019397,41,0
1458019421,21,0
1458019428,41,0
1458019438,41,0
1458019442,25,0
1458019457,41,0
1458019465,51,0
1458019585,41,0
1458019607,51,0
1458019632,41,0
1458019679,51,0
1458019806,41,0
1458019809,41,0
1458019881,41,0
1458019906,41,0
1458019934,41,0
1458019970,41,0
1458019989,41,0
1458019997,41,0
1458020017,41,0
1458020054,41,0
1458020056,25,0
1458020075,41,0
1458020129,41,0
1458020135,51,0
1458020140,21,0
1458020170,41,0
1458020304,26,0
1458020315,51,0
1458020426,51,0
1458020475,21,0
1458020742,48,0
1458020742,51,0
1458020861,51,0
1458021231,51,0
1458021311,51,0
1458021827,51,0
1458021851,51,0
1458022217,51,0
1458022738,38,0
1458023131,51,0
1458023301,51,0
1458023343,51,0
1458023472,13,0
1458023511,51,0
1458023543,51,0
1458023726,51,0
1458023769,51,0
1458023835,26,0
1458023912,48,0
1458024261,51,0
1458024362,51,0
1458024462,51,0
1458024523,15,0
1458025306,21,0
1458025385,21,0
1458025476,21,0
1458025577,41,0
1458025682,41,0
1458025757,41,0
1458025799,41,0
1458025998,41,0
1458026022,41,0
1458027404,26,0
1458028160,14,0
1458028768,26,0
1458028921,13,0
1458028921,13,0
1458029100,14,0
1458029178,14,0
1458029228,14,0
1458029429,14,0
1458029446,14,0
1458029628,14,0
1458029970,44,0
1458030498,14,0
1458031080,14,0
1458031953,26,0
1458032199,14,0
1458032465,44,0
1458032639,22,0
1458032641,22,0
1458032711,22,0
1458033747,22,0
1458036160,22,0
1458037681,16,0
1458037773,16,0
1458039974,25,0
1458040532,22,0
1458040585,22,0
1458040617,22,0
1458048743,16,0
1458048859,16,0
1458049807,27,0
1458050062,25,0
1458050087,25,0
1458050268,16,0
1458050288,16,0
1458050311,16,0
1458050991,16,0
1458051434,16,0
1458052029,3,0
1458052207,3,0
1458052401,16,0
1458054141,3,0
1458054211,25,0
1458054289,25,0
1458054315,25,0
1458054463,38,0
1458054511,38,0
1458054733,21,0
1458055803,3,0
1458055848,3,0
1458056284,3,0
1458056372,3,0
1458056393,38,0
1458056519,3,0
1458056642,3,0
1458056811,3,0
1458057014,3,0
1458057052,3,0
1458057098,3,0
1458057148,3,0
1458057234,3,0
1458057265,3,0
1458057316,3,0
1458057465,3,0
1458057510,3,0
1458057555,3,0
1458057628,3,0
1458057991,3,0
1458058038,3,0
1458058069,38,0
1458058766,38,0
1458058809,38,0
1458058821,3,0
1458058911,21,0
1458059295,3,0
1458059306,38,0
1458059426,3,0
1458059471,3,0
1458059622,38,0
1458059792,38,0
1458060264,38,0
1458060373,3,0
1458060377,3,0
1458060387,43,0
1458060534,3,0
1458060660,3,0
1458060713,3,0
1458061150,3,0
1458061181,3,0
1458061260,3,0
1458061493,3,0
1458061554,36,0
1458061695,36,0
1458062083,38,0
1458062111,3,0
1458062126,3,0
1458062446,36,0
1458062968,3,0
1458062986,3,0
1458064093,38,0
1458064271,3,0
1458064803,21,0
1458066357,3,0
1458067656,3,0
1458069042,44,0
1458069927,3,0
1458069941,3,0
1458070024,22,0
1458071662,14,0
1458071830,21,0
1458072525,36,0
1458072744,36,0
1458073278,3,0
1458073279,3,0
1458073385,36,0
1458075155,30,0
1458075347,41,0
1458075426,41,0
1458075512,41,0
1458075520,41,0
1458075601,22,0
1458075664,41,0
1458075699,41,0
1458075705,41,0
1458075770,41,0
1458075859,41,0
1458075873,41,0
1458076121,3,0
1458076152,3,0
1458076176,3,0
1458076506,3,0
1458076615,3,0
1458076651,3,0
1458076725,3,0
1458076727,3,0
1458076943,3,0
1458077033,3,0
1458077137,3,0
1458077289,3,0
1458078534,26,0
1458078702,26,0
1458079134,36,0
1458079219,26,0
1458080183,25,0
1458080213,30,0
1458081665,36,0
1458082477,14,0
1458083286,51,0
1458083293,51,0
1458083336,51,0
1458083506,25,0
1458083509,51,0
1458083512,25,0
1458083978,14,0
1458085691,30,0
1458085694,30,0
1458087114,30,0
1458087146,30,0
1458087180,30,0
1458087239,30,0
1458088699,3,0
1458088799,36,0
1458089435,25,0
1458089722,15,0
1458089746,15,0
1458089746,15,0
1458090114,25,0
1458090366,47,0
1458090366,47,0
1458090550,41,0
1458090593,41,0
1458090613,30,0
1458090624,30,0
1458090675,30,0
1458090783,41,0
1458090876,41,0
1458090937,36,0
1458091036,41,0
1458091059,41,0
1458091144,36,0
1458091192,41,0
1458091215,41,0
1458091240,22,0
1458091310,25,0
1458091312,22,0
1458091331,41,0
1458091351,41,0
1458091397,41,0
1458091620,41,0
1458091626,41,0
1458091716,41,0
1458091757,41,0
1458092051,16,0
1458092135,36,0
1458092143,36,0
1458092442,16,0
1458092709,16,0
1458094041,25,0
1458094294,16,0
1458094425,16,0
1458094461,16,0
1458094572,16,0
1458094660,25,0
1458094761,16,0
1458094839,25,0
1458094973,16,0
1458095156,16,0
1458095181,51,0
1458096048,51,0
1458096135,51,0
1458096240,51,0
1458096251,44,0
1458096273,51,0
1458096526,16,0
1458096612,51,0
1458096773,16,0
1458096836,51,0
1458096937,25,0
1458097337,25,0
1458099686,25,0
1458099741,25,0
1458099805,25,0
1458099819,25,0
1458100361,25,0
1458100376,25,0
1458100559,21,0
1458100840,25,0
1458101035,25,0
1458101509,25,0
1458101732,25,0
1458101743,21,0
1458101756,51,0
1458101811,51,0
1458101992,21,0
1458102023,51,0
1458102301,51,0
1458102303,25,0
1458102328,25,0
1458102486,51,0
1458102670,51,0
1458102761,51,0
1458102852,25,0
1458102896,25,0
1458102911,3,0
1458102938,3,0
1458102992,25,0
1458102992,51,0
1458103084,51,0
1458103125,51,0
1458103158,51,0
1458103190,51,0
1458103296,51,0
1458103696,51,0
1458104013,51,0
1458104512,51,0
1458104584,41,0
1458104884,41,0
1458104931,41,0
1458105024,41,0
1458105338,26,0
1458105380,26,0
1458105405,14,0
1458106131,14,0
1458108647,22,0
1458108658,22,0
1458108745,22,0
1458108789,22,0
1458108883,22,0
1458109429,14,0
1458109631,22,0
1458109642,22,0
1458109722,22,0
1458110543,43,0
1458110965,43,0
1458111016,14,0
1458111124,22,0
1458111135,22,0
1458111823,22,0
1458112614,14,0
1458113287,51,0
1458113356,51,0
1458113401,51,0
1458113544,51,0
1458113673,51,0
1458113728,51,0
1458114015,51,0
1458114084,51,0
1458114215,51,0
1458114348,51,0
1458114651,44,0
1458115112,22,0
1458115169,22,0
1458115191,22,0
1458115728,11,0
1458116050,26,0
1458116206,26,0
1458116228,14,0
1458116250,14,0
1458116288,26,0
1458118573,44,0
1458118931,44,1
1458119053,44,0
1458119082,44,0
1458119102,14,0
1458119139,44,0
1458119162,44,0
1458119183,44,0
1458119273,44,0
1458121867,22,0
1458121959,22,0
1458123069,48,0
1458123069,48,0
1458123734,22,0
1458123872,22,0
1458128595,44,0
1458131026,44,0
1458131761,38,0
1458131834,38,0
1458134126,38,0
1458134557,3,0
1458135983,41,0
1458136000,41,0
1458136178,41,0
1458136209,41,0
1458136220,41,0
1458136266,41,0
1458137361,38,0
1458137875,38,0
1458138133,38,0
1458138315,38,0
1458138315,38,0
1458138995,22,0
1458139138,22,0
1458139212,22,0
1458139228,22,0
1458139252,22,0
1458139346,22,0
1458139365,22,0
1458139371,22,0
1458140713,41,0
1458140774,16,0
1458140782,16,0
1458140812,16,0
1458140863,16,0
1458142192,16,0
1458142274,36,0
1458142544,16,0
1458142641,16,0
1458142795,16,0
1458142795,16,0
1458147211,36,0
1458149855,25,0
1458149976,25,0
1458150064,25,0
1458150910,21,0
1458153242,36,0
1458155477,3,0
1458155768,14,0
1458156865,43,0
1458157179,26,0
1458157269,26,0
1458157617,14,0
1458157657,14,0
1458157822,3,0
1458157866,21,0
1458157866,21,0
1458159719,26,0
1458160018,25,0
1458160483,3,0
1458161062,29,0
1458161273,14,0
1458161321,14,0
1458161357,14,0
1458161458,14,0
1458163499,27,0
1458163499,27,0
1458163655,14,0
1458163695,14,0
1458163739,14,0
1458163813,14,0
1458163898,14,0
1458163925,14,0
1458163970,14,0
1458164000,14,0
1458164087,14,0
1458164124,14,0
1458164396,51,0
1458164447,51,0
1458164730,14,0
1458165206,14,0
1458166069,25,0
1458166826,25,0
1458167014,44,0
1458167014,44,0
1458167282,30,0
1458167507,36,0
1458167553,51,0
1458167740,51,0
1458167818,26,0
1458167842,30,0
1458167892,30,0
1458167904,30,0
1458168222,25,0
1458168261,25,0
1458168269,25,0
1458168322,30,0
1458168443,30,0
1458168923,36,0
1458168944,36,0
1458168950,36,0
1458169110,51,0
1458169125,14,0
1458169386,30,0
1458169436,30,0
1458169436,30,0
1458169878,43,0
1458172337,36,0
1458172337,36,0
1458173094,25,0
1458173103,25,0
1458173372,39,0
1458173871,3,0
1458173916,3,0
1458173955,39,0
1458173955,39,0
1458173972,25,0
1458176020,3,0
1458176049,3,0
1458177084,26,0
1458177184,25,0
1458177825,29,0
1458177948,29,0
1458178008,29,0
1458178031,29,0
1458178189,29,0
1458178220,29,0
1458178305,29,0
1458178311,25,0
1458178336,25,0
1458178367,25,0
1458178433,29,0
1458178467,29,0
1458178614,29,0
1458178861,29,0
1458178895,29,0
1458178989,29,0
1458179189,29,0
1458179397,29,0
1458179456,29,0
1458179491,29,0
1458179573,29,0
1458179730,29,0
1458179918,29,0
1458180177,3,0
1458180966,29,0
1458181003,29,0
1458181013,29,0
1458181110,29,0
1458181275,29,0
1458181344,29,0
1458181432,29,0
1458181552,29,0
1458181983,26,0
1458182045,51,0
1458182143,29,0
1458182237,29,0
1458182901,29,0
1458183278,43,0
1458183702,25,0
1458185349,3,0
1458185506,3,0
1458186046,51,0
1458186065,14,0
1458186098,51,0
1458186171,3,0
1458186290,3,0
1458187051,14,0
1458187130,14,0
1458187146,14,0
1458187146,14,0
1458187210,51,0
1458187231,25,0
1458187400,25,0
1458187447,25,0
1458187907,29,0
1458187907,29,0
1458189780,26,0
1458189916,26,0
1458190002,25,0
1458190128,25,0
1458190171,26,0
1458190217,25,0
1458190337,11,0
1458190337,11,0
1458190567,26,0
1458190642,26,0
1458191006,3,0
1458191106,25,0
1458191346,25,0
1458191467,3,0
1458191469,3,0
1458191541,3,0
1458191643,25,0
1458191871,25,0
1458192028,25,0
1458192028,25,0
1458192305,3,0
1458192305,3,0
1458194450,43,0
1458194934,26,0
1458194946,33,0
1458194946,33,0
1458195407,10,1
1458195414,10,1
1458195414,10,1
1458196749,43,0
1458197849,51,0
1458197849,51,0
1458198131,43,0
1458198220,26,0
1458198220,26,0
1458198441,22,0
1458198455,43,0
1458198455,43,0
1458198935,22,0
1458199685,22,0
1458199685,22,0
1458200436,41,0
1458200522,41,0
1458200661,41,0
1458200695,41,0
1458200731,41,0
1458201022,41,0
1458201178,8,0
1458201178,8,0
1458201415,41,0
1458201446,41,0
1458201446,41,0
