1448791329,34,0
1448791710,37,0
1448793698,40,0
1448793720,51,0
1448793857,14,0
1448793875,14,0
1448793956,14,0
1448794564,40,0
1448794572,40,0
1448794632,40,0
1448794869,51,0
1448794986,35,0
1448795029,40,1
1448795069,40,0
1448795197,35,0
1448795371,6,0
1448795455,34,0
1448795674,40,0
1448796085,14,0
1448796445,14,0
1448796461,14,0
1448796778,51,0
1448797315,34,0
1448797966,37,0
1448805093,12,0
1448805103,12,0
1448808359,27,0
1448810489,38,0
1448818554,32,0
1448818674,18,0
1448819794,32,0
1448821336,11,0
1448821847,50,0
1448824291,32,0
1448824362,34,0
1448826740,22,0
1448827568,32,0
1448827629,22,0
1448827766,22,0
1448828403,22,0
1448828467,22,0
1448828603,22,0
1448828625,22,0
1448828914,22,0
1448829298,22,0
1448829420,22,0
1448829485,22,0
1448829719,38,0
1448829857,38,0
1448829863,22,0
1448830288,38,0
1448831310,43,0
1448832559,14,0
1448833416,37,0
1448834454,12,0
1448834622,12,0
1448835192,26,0
1448835698,51,0
1448836826,51,0
1448837360,38,0
1448837647,38,0
1448838085,23,0
1448838280,38,0
1448838494,38,0
1448838648,38,0
1448838888,35,0
1448838985,35,0
1448839088,35,0
1448841100,4,0
1448841384,32,0
1448841495,8,0
1448842605,37,0
1448842749,16,0
1448842844,50,0
1448843642,38,0
1448843798,38,0
1448843917,38,0
1448843982,8,0
1448844084,8,0
1448844561,38,0
1448845772,38,0
1448846097,37,0
1448846236,32,0
1448846569,32,0
1448846670,38,0
1448846680,50,0
1448846720,23,0
1448846810,23,0
1448846823,23,0
1448846849,23,0
1448846861,50,0
1448846929,23,0
1448847207,50,0
1448848160,19,0
1448848423,19,0
1448848453,40,0
1448848691,40,0
1448849010,19,0
1448849018,14,0
1448849202,19,0
1448849607,14,0
1448849982,22,0
1448850179,22,0
1448850342,23,0
1448850606,51,0
1448850947,51,0
1448850959,51,0
1448851102,27,0
1448852882,27,0
1448854624,23,0
1448854691,32,0
1448854893,23,0
1448855024,37,0
1448855098,23,0
1448855121,23,0
1448856465,12,0
1448857149,22,0
1448857197,22,0
1448857264,22,0
1448858317,14,0
1448859487,50,0
1448860155,38,0
1448860195,37,0
1448860419,37,0
1448860593,51,0
1448860872,37,0
1448860990,27,0
1448861147,27,0
1448861161,27,0
1448861168,27,0
1448861177,27,0
1448861184,27,0
1448861198,27,0
1448861271,27,0
1448861291,27,0
1448862053,37,0
1448862286,51,0
1448862589,51,0
1448862947,43,0
1448863925,29,0
1448863989,50,0
1448863999,50,0
1448864067,50,0
1448864396,29,0
1448864402,50,0
1448864460,29,0
1448864561,50,0
1448864869,50,0
1448866734,37,0
1448866762,37,0
1448867104,51,0
1448867168,51,0
1448867239,51,0
1448867292,51,0
1448867330,16,0
1448867333,51,0
1448867349,4,0
1448867387,51,0
1448867544,12,0
1448867734,29,0
1448867812,22,0
1448867928,22,0
1448868273,50,0
1448868283,50,0
1448868497,50,0
1448868582,51,0
1448869603,19,0
1448869638,19,0
1448869647,19,0
1448869949,19,0
1448870087,12,0
1448870384,50,0
1448870434,50,0
1448870443,50,0
1448870491,50,0
1448870508,50,0
1448870576,50,0
1448870599,50,0
1448870604,35,0
1448870609,50,0
1448870653,35,0
1448871043,37,0
1448871309,34,0
1448871345,34,0
1448871350,7,0
1448871532,34,0
1448871619,34,0
1448871839,11,0
1448871862,11,0
1448871953,11,0
1448872592,11,0
1448873123,22,0
1448873126,11,0
1448873177,11,0
1448873259,11,0
1448873358,11,0
1448873390,11,0
1448873425,11,0
1448873488,11,0
1448873588,11,0
1448873693,51,0
1448873708,11,0
1448873778,11,0
1448873799,7,0
1448873845,11,0
1448873900,11,0
1448873932,11,0
1448874063,23,0
1448874068,11,0
1448874161,23,0
1448874363,11,0
1448874375,35,0
1448874397,11,0
1448874483,35,0
1448874519,11,0
1448874618,11,0
1448874636,51,0
1448874651,36,0
1448874715,11,0
1448874762,35,0
1448874772,11,0
1448874907,37,0
1448875315,35,0
1448875444,34,0
1448875481,34,0
1448875530,35,0
1448875558,11,0
1448875566,34,0
1448875641,11,0
1448875666,11,0
1448875707,34,0
1448875733,37,0
1448875778,11,0
1448875782,37,0
1448875798,34,0
1448875896,11,0
1448875960,11,0
1448876079,34,0
1448876092,34,0
1448876136,37,0
1448876177,43,0
1448876475,34,0
1448876493,34,0
1448876520,37,0
1448876549,11,0
1448876616,11,0
1448876628,34,0
1448876950,34,0
1448877000,34,0
1448877085,11,0
1448877114,35,0
1448877161,51,0
1448877215,23,0
1448877396,34,0
1448877398,51,0
1448877412,35,0
1448877419,51,0
1448877500,35,0
1448877506,34,0
1448877512,51,0
1448877519,34,0
1448877533,37,0
1448877586,35,0
1448877636,34,0
1448877642,37,0
1448877674,35,0
1448877748,43,0
1448877760,35,0
1448877774,34,0
1448877809,51,0
1448877945,51,0
1448877992,51,0
1448878027,35,0
1448878093,35,0
1448878122,11,0
1448878125,35,0
1448878143,11,0
1448878213,34,0
1448878243,35,0
1448878303,35,0
1448878316,35,0
1448878324,35,0
1448878408,35,0
1448878568,35,0
1448878610,35,0
1448878860,35,0
1448878965,35,0
1448878969,37,0
1448878988,37,0
1448879013,37,0
1448879040,37,0
1448879093,35,0
1448879219,37,0
1448879253,35,0
1448879348,11,0
1448879365,35,0
1448879461,35,0
1448879487,11,0
1448879630,11,0
1448879673,35,0
1448879684,35,0
1448879759,35,0
1448879936,35,0
1448880042,35,0
1448880070,35,0
1448880116,35,0
1448880189,35,0
1448880200,37,0
1448880203,37,0
1448880380,35,0
1448880472,35,0
1448880515,35,0
1448880563,35,0
1448880738,35,0
1448881011,35,0
1448881117,37,0
1448881239,37,0
1448881382,37,0
1448881409,35,0
1448881411,35,0
1448881501,35,0
1448881684,35,0
1448881792,35,0
1448882101,27,0
1448882107,27,0
1448882514,35,0
1448882658,35,0
1448882889,37,0
1448882965,37,0
1448885358,11,0
1448885684,11,0
1448885706,11,0
1448886346,11,0
1448888293,11,0
1448889388,35,0
1448889619,11,0
1448889933,27,0
1448889942,27,0
1448890012,27,0
1448890204,27,0
1448890847,27,0
1448896734,11,0
1448899253,32,0
1448899447,32,0
1448901266,18,0
1448901302,32,0
1448901409,18,0
1448902323,32,0
1448904637,35,0
1448907001,26,0
1448907032,26,0
1448907038,26,0
1448907045,26,0
1448907071,26,0
1448907296,26,0
1448907345,26,0
1448907398,26,0
1448907433,26,0
1448907533,26,0
1448907633,26,0
1448907664,26,0
1448907703,26,0
1448907742,26,0
1448907815,26,0
1448907868,26,0
1448907913,26,0
1448907955,26,0
1448908036,26,0
1448908074,26,0
1448909201,29,0
1448909253,38,0
1448909334,26,0
1448909408,26,0
1448909411,26,0
1448909421,26,0
1448909431,26,0
1448909540,26,0
1448909637,26,0
1448909708,26,0
1448909761,26,0
1448909812,26,0
1448910053,4,0
1448910090,26,0
1448910184,26,0
1448910260,26,0
1448910489,26,0
1448910543,26,0
1448910609,26,0
1448910698,26,0
1448910767,26,0
1448911142,26,0
1448911669,4,0
1448914404,38,0
1448919394,18,0
1448919490,18,0
1448919743,18,0
1448920757,37,0
1448921592,26,0
1448921694,38,0
1448921834,14,0
1448921988,14,0
1448922120,14,0
1448922150,14,0
1448922279,27,0
1448923072,14,0
1448923261,14,0
1448923747,27,0
1448923953,14,0
1448924215,14,0
1448925456,11,0
1448925623,27,0
1448925804,11,0
1448925882,11,0
1448926028,27,0
1448926063,11,0
1448926133,27,0
1448926144,11,0
1448926191,27,0
1448926236,11,0
1448926361,11,0
1448926447,27,0
1448926509,27,0
1448926531,11,0
1448926717,11,0
1448926910,27,0
1448927819,43,0
1448927990,26,0
1448928078,26,0
1448928324,26,0
1448928343,26,0
1448929157,43,0
1448929501,27,0
1448931956,14,0
1448932413,22,0
1448934021,27,0
1448935745,37,0
1448937930,38,1
1448938058,22,0
1448938082,22,0
1448938614,40,0
1448938798,40,0
1448939765,12,0
1448939864,38,0
1448940235,38,0
1448940311,38,0
1448941060,19,0
1448941920,8,0
1448942216,12,0
1448942811,12,0
1448942866,29,0
1448944362,51,0
1448944383,51,0
1448944662,51,0
1448944732,51,0
1448946232,51,0
1448946399,34,0
1448946483,34,0
1448946512,34,0
1448946631,34,0
1448946854,27,0
1448947910,22,0
1448949687,27,0
1448949973,7,0
1448950056,7,0
1448950243,38,0
1448950474,32,0
1448950502,27,0
1448950604,7,0
1448950726,8,0
1448951029,7,0
1448951164,11,0
1448951520,12,0
1448951564,51,0
1448951678,12,0
1448951859,12,0
1448952027,27,0
1448952321,35,0
1448952480,35,0
1448952696,38,0
1448952786,35,0
1448952920,35,0
1448953041,12,0
1448953207,7,0
1448953252,7,0
1448953347,38,0
1448953559,38,0
1448953684,7,0
1448953813,7,0
1448953933,38,0
1448954061,7,0
1448954157,7,0
1448954228,7,0
1448954275,38,0
1448954337,7,0
1448954402,7,0
1448954534,27,0
1448954558,7,0
1448954614,27,0
1448954633,7,0
1448954716,27,0
1448954973,51,0
1448956053,35,0
1448956545,12,0
1448956582,38,0
1448957355,32,0
1448957495,51,0
1448957984,27,0
1448958132,19,0
1448958378,19,0
1448958567,27,0
1448958723,27,0
1448958774,27,0
1448958777,27,0
1448958899,34,0
1448959589,27,0
1448960695,35,0
1448960899,50,0
1448960991,50,0
1448961900,35,0
1448962631,35,0
1448962718,23,0
1448962734,23,0
1448962800,23,0
1448962935,7,0
1448963011,23,0
1448963169,37,0
1448963207,50,0
1448963501,50,0
1448963521,37,0
1448963534,37,0
1448964110,30,0
1448964151,30,0
1448964231,7,0
1448964589,7,0
1448964657,7,0
1448966109,11,0
1448966400,11,0
1448966613,27,0
1448968166,34,0
1448968698,2,0
1448968723,2,0
1448982602,36,0
1448987025,32,0
1448987672,32,0
1448987727,18,0
1448988531,32,0
1448990859,12,0
1448992629,37,0
1448994439,6,0
1448994464,6,0
1448994696,51,0
1448994697,51,0
1448994700,51,0
1449001530,45,0
1449001654,38,0
1449001815,16,0
1449001815,38,0
1449001877,16,0
1449002062,38,0
1449003228,35,0
1449003671,14,0
1449003672,14,0
1449003697,14,0
1449003737,14,0
1449003743,14,0
1449003753,14,0
1449003803,14,0
1449003829,14,0
1449003835,14,0
1449003856,14,0
1449004208,22,0
1449004220,14,0
1449004291,14,0
1449004637,34,0
1449004713,22,0
1449005200,35,0
1449005223,38,0
1449005354,35,0
1449005440,12,0
1449005551,35,0
1449005551,35,0
1449005730,12,0
1449006363,37,0
1449007454,27,0
1449007925,26,0
1449008046,26,0
1449008059,26,0
1449008065,26,0
1449008909,26,0
1449009065,26,0
1449009155,26,0
1449009310,26,0
1449009944,26,0
1449009988,26,0
1449010060,26,0
1449010131,26,0
1449010183,26,0
1449010403,26,0
1449010491,22,0
1449010600,22,0
1449010690,22,0
1449010720,37,0
1449010835,26,0
1449011134,37,0
1449011540,26,0
1449012215,22,0
1449012237,11,0
1449012436,22,0
1449012481,22,0
1449012484,16,0
1449012836,16,0
1449013099,16,0
1449013149,16,0
1449013488,16,0
1449015634,22,0
1449016003,22,0
1449017029,8,0
1449018725,34,0
1449018729,34,0
1449021419,43,0
1449022378,8,0
1449024355,50,0
1449024362,50,0
1449025396,37,0
1449026819,7,0
1449026858,7,0
1449028076,37,0
1449028159,29,0
1449028701,8,0
1449028961,45,0
1449029136,11,0
1449029630,19,0
1449029833,29,0
1449029935,50,0
1449030053,50,0
1449030137,22,0
1449031428,14,0
1449031438,35,0
1449031626,14,0
1449031651,34,0
1449031977,35,0
1449033515,8,0
1449034680,26,0
1449035533,6,0
1449036095,43,0
1449036122,29,0
1449036257,43,0
1449036783,11,0
1449036996,29,0
1449037288,37,0
1449037494,11,0
1449037713,11,0
1449037807,27,0
1449038911,11,0
1449039149,43,0
1449039173,11,0
1449039296,43,0
1449039424,12,0
1449039681,29,0
1449039856,43,0
1449040647,27,0
1449040908,27,0
1449041131,27,0
1449041151,27,0
1449041296,27,0
1449041297,12,0
1449041309,12,0
1449041424,12,0
1449041513,12,0
1449041651,12,0
1449042276,29,0
1449042351,37,0
1449042576,29,0
1449042592,27,0
1449043327,51,0
1449043532,51,0
1449043604,12,0
1449043625,37,0
1449043724,12,0
1449043881,12,0
1449044014,8,0
1449044153,50,0
1449045003,50,0
1449045038,50,0
1449045219,43,0
1449045453,29,0
1449046436,29,0
1449047042,7,0
1449047055,29,0
1449047298,29,0
1449047792,29,0
1449048246,14,0
1449049091,11,0
1449049336,11,0
1449049453,11,0
1449049492,11,0
1449049542,37,0
1449049574,11,0
1449049654,11,0
1449049685,29,0
1449049774,11,0
1449049779,11,0
1449049803,27,0
1449049805,11,0
1449049821,11,0
1449049892,43,0
1449049962,29,0
1449050014,27,0
1449050096,8,0
1449050265,8,0
1449050398,8,0
1449050446,27,0
1449050572,8,0
1449051046,27,0
1449051702,27,0
1449051910,14,0
1449053807,8,0
1449055735,14,0
1449055792,14,0
1449055847,14,0
1449055980,14,0
1449056020,14,0
1449056147,14,0
1449056787,27,0
1449056803,27,0
1449059133,14,0
1449059177,14,0
1449065826,27,0
1449073921,30,0
1449074261,18,0
1449075219,32,0
1449075268,32,0
1449075308,32,0
1449079166,6,0
1449080795,14,0
1449080877,35,0
1449082315,14,0
1449082333,14,0
1449083633,14,0
1449083648,14,0
1449084590,8,0
1449084712,8,0
1449084742,37,0
1449086313,6,0
1449086746,35,0
1449088124,11,0
1449088189,45,0
1449088348,26,0
1449088371,26,0
1449088415,11,0
1449088432,26,0
1449088466,26,0
1449088476,26,0
1449088492,35,0
1449089294,22,0
1449089478,14,0
1449089549,14,0
1449089569,14,0
1449089939,22,0
1449091146,35,0
1449091529,37,0
1449091934,14,0
1449092393,12,0
1449092457,38,0
1449093741,8,0
1449094451,26,0
1449095642,8,0
1449097052,26,0
1449097092,40,0
1449097113,40,0
1449097864,26,0
1449099413,26,0
1449099994,43,0
1449100966,26,0
1449101073,26,0
1449101169,26,0
1449101208,26,0
1449101267,26,0
1449101360,26,0
1449101444,26,0
1449101570,26,0
1449101591,26,0
1449101722,26,0
1449101753,26,0
1449101887,26,0
1449101991,26,0
1449102224,26,0
1449102306,26,0
1449102399,26,0
1449102433,26,0
1449102541,26,0
1449102696,30,0
1449102697,26,0
1449102827,26,0
1449102876,26,0
1449103087,14,0
1449103577,14,0
1449103936,27,0
1449103962,27,0
1449104264,14,0
1449107730,27,0
1449107749,27,0
1449107959,27,0
1449108117,27,0
1449108637,11,0
1449108722,11,0
1449108823,11,0
1449108846,11,0
1449108906,22,0
1449109032,22,0
1449109621,14,0
1449109713,14,0
1449109721,14,0
1449109729,29,0
1449109967,23,0
1449110179,6,0
1449110208,6,0
1449110263,6,0
1449110321,6,0
1449110590,32,0
1449112191,27,0
1449112274,32,0
1449112346,37,0
1449112365,32,0
1449113308,32,0
1449113435,32,0
1449113439,32,0
1449114838,32,0
1449115085,32,0
1449116362,29,0
1449117920,32,0
1449118352,14,0
1449118758,29,0
1449118969,14,0
1449119338,14,0
1449119575,14,0
1449119587,14,0
1449120042,14,0
1449120349,27,0
1449120817,11,0
1449121352,19,0
1449121492,12,0
1449121532,19,0
1449121603,12,0
1449121700,14,0
1449121703,14,0
1449121850,7,0
1449122557,7,0
1449122874,27,0
1449122897,14,0
1449123880,32,0
1449124661,29,0
1449124833,29,0
1449124884,50,0
1449125246,14,0
1449125710,29,0
1449126339,37,0
1449126525,50,0
1449126574,29,0
1449126728,29,0
1449126806,19,0
1449127042,29,0
1449127086,37,0
1449127116,37,0
1449127209,23,0
1449127331,37,0
1449127513,29,0
1449128203,12,0
1449128435,12,0
1449128512,12,0
1449128726,12,0
1449129625,29,0
1449129693,29,0
1449129710,27,0
1449129726,27,0
1449129828,7,0
1449129944,27,0
1449129990,51,0
1449130118,51,0
1449130263,51,0
1449130291,51,0
1449130477,8,0
1449130539,27,0
1449130574,34,0
1449130640,27,0
1449130782,27,0
1449130825,27,0
1449130844,27,0
1449130970,37,0
1449130985,27,0
1449131295,27,0
1449131408,27,0
1449131410,29,0
1449131415,27,0
1449131586,37,0
1449131660,29,0
1449131725,37,0
1449131773,29,0
1449132854,27,0
1449133051,27,0
1449134119,51,0
1449134192,51,0
1449134208,16,0
1449134328,51,0
1449134430,51,0
1449134506,51,0
1449134684,29,0
1449134711,35,0
1449135141,29,0
1449135253,37,0
1449135458,37,0
1449135941,35,0
1449136977,29,0
1449140888,29,0
1449141964,37,0
1449159672,26,0
1449160467,18,0
1449160504,18,0
1449161601,32,0
1449164480,12,0
1449166375,36,0
1449166646,45,0
1449167770,6,0
1449172874,43,0
1449174553,45,0
1449177719,18,0
1449177743,18,0
1449177822,18,0
1449177869,43,0
1449179930,37,0
1449180389,27,0
1449180410,27,0
1449180424,27,0
1449180473,27,0
1449180485,27,0
1449180846,26,0
1449183205,32,0
1449186996,16,0
1449189205,11,0
1449191515,27,0
1449193828,6,0
1449193949,6,0
1449194116,6,0
1449194739,6,0
1449196903,22,0
1449197097,22,0
1449197198,27,0
1449197222,22,0
1449197533,27,0
1449197553,18,0
1449197605,12,0
1449197632,22,0
1449198830,22,0
1449200172,6,0
1449203109,8,0
1449203363,32,0
1449203437,32,0
1449204051,32,0
1449204309,32,0
1449204374,32,0
1449204668,8,0
1449204956,32,0
1449206172,11,0
1449206487,11,0
1449207092,29,0
1449207373,27,0
1449207709,27,0
1449207807,51,0
1449207841,27,0
1449207951,27,0
1449208021,27,0
1449208595,27,0
1449208666,35,0
1449209137,35,0
1449209224,35,0
1449209496,27,0
1449209568,29,0
1449209981,50,0
1449210274,37,0
1449211765,12,0
1449212618,29,0
1449212745,29,0
1449214266,6,0
1449214279,6,0
1449214776,6,0
1449214819,40,0
1449215087,40,0
1449215358,51,0
1449215492,51,0
1449215523,50,0
1449215531,50,0
1449215631,50,0
1449216740,12,0
1449216894,7,0
1449216966,7,0
1449218405,23,0
1449219262,51,0
1449219627,32,0
1449220369,51,0
1449220512,51,0
1449220628,23,0
1449220737,51,0
1449220765,23,0
1449220768,23,0
1449220795,23,0
1449220962,35,0
1449220980,51,0
1449221082,23,0
1449221121,51,0
1449221312,23,0
1449222203,35,0
1449222480,35,0
1449222503,35,0
1449222604,35,0
1449223258,14,0
1449223319,29,0
1449223556,29,0
1449225301,27,0
1449225304,27,0
1449225320,27,0
1449225346,27,0
1449227616,29,0
1449227647,29,0
1449227778,29,0
1449230238,27,0
1449230307,27,0
1449230356,27,0
1449230488,27,0
1449232221,11,0
1449246798,18,0
1449246921,18,0
1449253689,45,0
1449255811,34,0
1449256048,34,0
1449257581,45,0
1449260141,45,0
1449264527,43,0
1449264672,43,0
1449266505,50,0
1449267222,26,0
1449267679,14,0
1449267998,36,0
1449268787,14,0
1449270178,6,0
1449270614,50,0
1449271011,16,0
1449272140,35,0
1449272986,27,0
1449273925,34,0
1449274580,43,0
1449274734,16,0
1449275035,27,0
1449275307,30,0
1449275442,30,0
1449275841,30,0
1449276559,22,0
1449276593,22,0
1449276671,27,0
1449276681,27,0
1449276899,27,0
1449276922,27,0
1449277372,1,0
1449277807,11,0
1449278222,27,0
1449278948,36,0
1449281154,45,0
1449282116,29,0
1449282129,29,0
1449282167,27,0
1449282311,27,0
1449282332,27,0
1449282339,27,0
1449282346,27,0
1449282378,43,0
1449282412,27,0
1449282443,27,0
1449282455,27,0
1449282533,27,0
1449282692,27,0
1449282699,27,0
1449282708,27,0
1449282722,27,0
1449282727,27,0
1449282739,27,0
1449282766,27,0
1449282794,27,0
1449282890,27,0
1449282947,45,0
1449282972,27,0
1449282992,27,0
1449283002,27,0
1449283017,27,0
1449283033,27,0
1449283041,27,0
1449283052,27,0
1449283058,27,0
1449283066,27,0
1449283086,27,0
1449283094,27,0
1449283104,27,0
1449283111,27,0
1449283125,27,0
1449283137,27,0
1449283148,27,0
1449283197,27,0
1449283209,27,0
1449283241,27,0
1449283253,27,0
1449283263,27,0
1449283269,27,0
1449283275,27,0
1449283294,27,0
1449283313,27,0
1449283329,27,0
1449283336,27,0
1449283342,27,0
1449283356,27,0
1449283363,27,0
1449283373,27,0
1449283381,27,0
1449283387,27,0
1449283396,27,0
1449283406,27,0
1449283415,27,0
1449283423,27,0
1449283433,27,0
1449283448,27,0
1449283454,27,0
1449283466,27,0
1449283477,27,0
1449283518,27,0
1449283540,27,0
1449283561,27,0
1449283571,27,0
1449283584,27,0
1449283595,27,0
1449283616,27,0
1449283649,27,0
1449283679,27,0
1449283690,27,0
1449283696,27,0
1449283704,27,0
1449283724,23,0
1449283737,27,0
1449283743,27,0
1449283748,27,0
1449283765,27,0
1449283771,27,0
1449283777,27,0
1449283796,27,0
1449283805,27,0
1449283822,27,0
1449283829,27,0
1449283834,27,0
1449283845,27,0
1449283851,27,0
1449283857,27,0
1449283863,27,0
1449284331,32,0
1449284391,37,0
1449284917,36,0
1449284953,36,0
1449285440,27,0
1449285444,27,0
1449285446,27,0
1449285478,27,0
1449285585,27,0
1449285594,27,0
1449286489,11,0
1449288144,37,0
1449288232,37,0
1449288307,8,0
1449289310,45,0
1449290304,11,0
1449290332,6,0
1449290628,6,0
1449290669,6,0
1449291067,12,0
1449291814,11,0
1449292200,37,0
1449293480,12,0
1449293612,12,0
1449293885,11,0
1449295201,27,0
1449295549,36,0
1449296173,36,0
1449296588,29,0
1449296662,29,0
1449296766,29,0
1449297566,11,0
1449297619,11,0
1449298603,22,0
1449299014,12,0
1449299785,51,0
1449300140,51,0
1449301096,50,0
1449301258,50,0
1449303255,27,0
1449303855,27,0
1449303899,51,0
1449303944,27,0
1449304149,51,0
1449304203,12,0
1449304976,23,0
1449305331,34,0
1449305349,34,0
1449305423,34,0
1449305542,23,0
1449305544,18,0
1449308589,23,0
1449308654,23,0
1449308696,23,0
1449308818,7,0
1449308824,29,0
1449309749,22,0
1449309926,43,0
1449310097,35,0
1449310202,34,0
1449310279,30,0
1449310663,29,0
1449313287,12,0
1449313405,29,0
1449313633,35,0
1449313988,40,0
1449315253,11,0
1449320299,12,0
1449334506,18,0
1449335971,32,0
1449342085,32,0
1449342338,32,0
1449342438,32,0
1449343376,51,0
1449345114,50,0
1449345185,50,0
1449345349,22,0
1449346144,51,0
1449346174,22,0
1449348226,11,0
1449350915,32,0
1449351311,11,0
1449353283,27,0
1449353315,27,0
1449353622,26,0
1449353844,12,0
1449353914,27,0
1449354326,37,0
1449354481,4,0
1449354681,36,0
1449354803,40,0
1449354877,40,0
1449354957,36,0
1449355013,4,0
1449355610,30,0
1449355634,30,0
1449356491,30,0
1449356543,30,0
1449356815,32,0
1449357030,27,0
1449357090,32,0
1449357092,27,0
1449357240,40,0
1449357362,40,0
1449358367,32,0
1449360043,51,0
1449360096,51,0
1449360180,51,0
1449360532,51,0
1449360765,34,0
1449360987,34,0
1449361128,27,0
1449362172,51,0
1449362534,51,0
1449362773,27,0
1449363760,40,0
1449365085,50,0
1449366429,50,0
1449366508,51,0
1449366932,11,0
1449367062,11,0
1449367556,27,0
1449367604,29,0
1449367605,27,0
1449367638,11,0
1449367663,11,0
1449367678,11,0
1449367714,11,0
1449367750,11,0
1449367778,11,0
1449367807,11,0
1449368323,11,0
1449368331,11,0
1449368377,11,0
1449368533,29,0
1449368554,11,0
1449368731,11,0
1449368845,11,0
1449368872,11,0
1449368886,11,0
1449368973,11,0
1449369513,11,0
1449370019,11,0
1449370698,11,0
1449370773,27,0
1449370862,27,0
1449370873,27,0
1449370886,27,0
1449370914,27,0
1449370929,27,0
1449370936,27,0
1449370947,27,0
1449371037,27,0
1449371056,27,0
1449371463,32,0
1449372264,50,0
1449372526,29,0
1449372836,29,0
1449373057,29,0
1449373086,6,0
1449374194,11,0
1449374260,11,0
1449374265,11,0
1449374493,11,0
1449375415,51,0
1449375530,34,0
1449376177,29,0
1449377202,26,0
1449377953,51,0
1449378086,11,0
1449378098,11,0
1449378232,11,0
1449378237,11,0
1449378255,11,0
1449378275,11,0
1449378323,11,0
1449378823,11,0
1449378888,37,0
1449378898,37,0
1449378976,11,0
1449378979,11,0
1449379009,11,0
1449379016,11,0
1449379103,37,0
1449379253,11,0
1449379350,11,0
1449379421,11,0
1449379471,11,0
1449379486,11,0
1449379496,11,0
1449379514,11,0
1449379516,6,0
1449379554,6,0
1449379588,11,0
1449379684,51,0
1449379716,11,0
1449379724,11,0
1449379809,11,0
1449379837,11,0
1449379868,11,0
1449379996,11,0
1449380400,19,0
1449380409,19,0
1449380929,22,0
1449380945,22,0
1449380959,22,0
1449381016,22,0
1449381072,12,0
1449381078,22,0
1449381078,43,0
1449381082,43,0
1449381123,12,0
1449381140,43,0
1449381168,43,0
1449381180,22,0
1449381192,43,0
1449381223,32,0
1449381390,27,0
1449381786,11,0
1449381952,27,0
1449382172,11,0
1449382250,11,0
1449382251,11,0
1449382259,11,0
1449382263,11,0
1449382281,11,0
1449382296,11,0
1449382307,11,0
1449382330,11,0
1449382338,11,0
1449382349,11,0
1449382368,11,0
1449382372,11,0
1449382410,11,0
1449382432,11,0
1449382514,11,0
1449382520,11,0
1449382541,11,0
1449382978,4,0
1449383898,37,0
1449384496,50,0
1449385363,32,0
1449385998,22,0
1449386545,22,0
1449386669,11,0
1449386685,22,0
1449386689,11,0
1449386741,11,0
1449386744,11,0
1449387014,38,0
1449387933,38,0
1449387982,11,0
1449388004,20,0
1449388042,11,0
1449388049,20,0
1449388051,20,0
1449388132,20,0
1449388134,20,0
1449388148,20,0
1449388217,20,0
1449388309,11,0
1449388410,11,0
1449388491,11,0
1449388595,11,0
1449388666,11,0
1449388980,38,0
1449389012,51,0
1449389092,4,0
1449389356,11,0
1449389412,50,0
1449389507,38,0
1449389531,20,1
1449389875,26,0
1449389916,26,0
1449389947,11,0
1449389954,26,0
1449389988,26,0
1449390205,20,0
1449390428,26,0
1449390458,37,0
1449390642,26,0
1449390645,26,0
1449390684,34,0
1449390691,34,0
1449390739,50,0
1449390965,26,0
1449390976,26,0
1449391035,26,0
1449391184,50,0
1449391234,50,0
1449392593,35,0
1449393726,20,0
1449393974,37,0
1449394516,7,0
1449394660,37,0
1449394694,45,0
1449394759,7,0
1449394856,51,0
1449394959,20,0
1449395885,35,0
1449396247,4,0
1449396310,45,0
1449396365,45,0
1449396372,45,0
1449396374,45,0
1449396547,34,0
1449396577,34,0
1449400714,34,0
1449400787,34,0
1449402986,7,0
1449403051,40,0
1449403132,40,0
1449403869,19,0
1449406040,12,0
1449408159,11,0
1449408660,11,0
1449408874,11,0
1449408911,11,0
1449409863,11,0
1449410015,11,0
1449411116,11,0
1449411648,38,0
1449411682,38,0
1449412369,38,0
1449412795,38,0
1449415433,38,0
1449417020,38,0
1449417108,38,0
1449417875,38,0
1449424690,32,0
1449425787,14,0
1449425809,14,0
1449425967,14,0
1449425982,14,0
1449426073,20,0
1449426099,32,0
1449426134,32,0
1449426285,14,0
1449426949,11,0
1449427628,32,0
1449427673,32,0
1449428862,11,0
1449429482,18,0
1449430710,32,0
1449431466,32,0
1449431544,11,1
1449431558,11,0
1449431623,11,0
1449431875,11,0
1449432775,32,0
1449433286,20,0
1449433387,8,0
1449433420,40,0
1449433623,40,0
1449434249,26,0
1449434397,26,0
1449434414,26,0
1449435126,40,0
1449435926,50,0
1449436137,11,0
1449436200,11,0
1449436375,11,0
1449436503,11,0
1449436708,11,0
1449436777,11,0
1449436829,11,0
1449437024,26,0
1449437180,26,0
1449437296,26,0
1449437313,26,0
1449437413,34,0
1449437475,26,0
1449438939,29,0
1449439579,20,0
1449439640,11,0
1449439703,11,0
1449439718,11,0
1449439812,20,0
1449439856,22,0
1449439868,11,0
1449439885,11,0
1449439913,11,0
1449439930,11,0
1449439970,22,0
1449440020,26,0
1449440065,11,0
1449440537,20,0
1449440724,11,0
1449441323,11,0
1449441353,11,0
1449441523,11,0
1449441710,34,0
1449441803,20,0
1449441813,20,0
1449442466,22,0
1449442530,22,0
1449442628,22,0
1449442803,20,0
1449442820,20,0
1449442828,20,0
1449442895,20,0
1449443203,19,0
1449443847,11,0
1449444385,23,0
1449444772,22,0
1449445472,37,0
1449445928,20,0
1449445992,20,0
1449446000,20,0
1449446139,11,0
1449446342,11,0
1449446801,11,0
1449447038,16,0
1449447485,7,0
1449447729,20,0
1449448592,37,0
1449450782,35,0
1449452239,19,0
1449452289,37,0
1449452307,19,0
1449452312,37,0
1449452313,19,0
1449452456,34,0
1449453110,38,0
1449453269,38,0
1449453433,16,0
1449454513,8,0
1449454522,36,0
1449455258,7,0
1449456360,38,0
1449458456,1,0
1449458613,1,0
1449459235,40,0
1449459339,40,0
1449459969,38,0
1449460329,23,0
1449460371,37,0
1449460374,23,0
1449461503,40,1
1449461512,40,1
1449461575,12,0
1449461711,40,0
1449461884,40,0
1449461930,12,0
1449462130,37,0
1449462255,40,0
1449462373,34,1
1449462495,12,0
1449462502,7,0
1449462573,38,0
1449462627,43,0
1449463048,40,0
1449463973,40,0
1449463974,40,0
1449464582,14,0
1449464625,14,0
1449464631,14,0
1449464640,14,0
1449464645,38,0
1449464696,14,0
1449464705,14,0
1449464708,14,0
1449464712,14,0
1449464754,14,0
1449464852,38,0
1449465281,38,0
1449465407,12,0
1449465427,12,0
1449465459,12,0
1449465712,40,0
1449466472,29,0
1449468541,12,0
1449469471,40,0
1449469510,14,0
1449469518,14,0
1449469545,38,0
1449469778,20,0
1449470240,50,0
1449470479,12,0
1449473083,38,0
1449473558,7,0
1449474082,51,0
1449475162,45,0
1449475790,29,0
1449476895,4,0
1449477093,18,0
1449478103,27,0
1449478146,51,0
1449478733,20,0
1449478750,37,0
1449478838,20,0
1449478905,20,0
1449479160,51,0
1449479520,37,0
1449480111,29,0
1449480193,29,0
1449480200,40,0
1449480392,37,0
1449480552,51,0
1449480565,29,0
1449480663,40,0
1449480768,27,0
1449480803,29,0
1449480907,29,0
1449481083,40,0
1449481178,40,0
1449481263,29,0
1449482298,1,0
1449482569,29,0
1449482609,29,0
1449483518,27,0
1449483708,40,0
1449483899,37,0
1449484050,7,1
1449484102,7,0
1449484231,37,0
1449484361,37,0
1449484437,34,0
1449484539,37,0
1449486148,40,0
1449487046,40,0
1449487681,26,0
1449488113,26,0
1449488145,26,0
1449488154,26,0
1449502150,38,0
1449505541,22,0
1449506001,18,0
1449506262,22,0
1449506698,38,0
1449506789,38,0
1449508128,32,0
1449511707,6,0
1449511964,6,0
1449512500,20,0
1449513333,45,0
1449513707,45,0
1449513712,45,0
1449513730,45,0
1449522197,38,0
1449522913,37,0
1449523866,37,0
1449524335,37,0
1449524370,36,0
1449524496,37,0
1449524625,20,0
1449524632,20,0
1449526051,37,0
1449526425,26,0
1449526545,15,0
1449526672,38,0
1449527418,11,0
1449527452,11,0
1449527705,38,0
1449528051,40,0
1449528063,40,0
1449528134,40,0
1449528143,40,0
1449528717,38,0
1449528857,40,0
1449528909,40,0
1449528958,40,0
1449529047,40,0
1449529093,40,0
1449530187,6,0
1449530367,40,0
1449530420,40,0
1449530468,40,0
1449530542,40,0
1449530684,27,0
1449531239,40,0
1449531670,14,0
1449537023,27,0
1449538496,34,0
1449538907,34,0
1449540185,40,0
1449541089,38,0
1449541094,4,0
1449541445,38,0
1449542554,38,0
1449542653,37,0
1449542757,35,0
1449542794,37,0
1449544614,8,0
1449544958,38,0
1449546214,11,0
1449546275,11,0
1449546301,11,0
1449546907,38,0
1449546947,37,0
1449547068,37,0
1449547157,12,0
1449547202,37,0
1449548555,18,0
1449548563,18,0
1449548596,18,1
1449549258,40,0
1449549278,40,0
1449549558,34,0
1449549617,34,0
1449549799,38,0
1449550341,34,0
1449550399,34,0
1449551587,51,0
1449551780,51,0
1449553940,27,0
1449553947,51,0
1449554139,51,0
1449554624,20,0
1449554636,27,0
1449554702,27,0
1449554941,27,0
1449554951,27,0
1449555110,20,0
1449555408,38,0
1449555612,29,0
1449555783,29,0
1449555877,12,0
1449555907,12,0
1449556006,51,0
1449556088,51,0
1449556140,51,0
1449556201,27,0
1449556394,27,0
1449556590,27,0
1449556624,27,0
1449556687,27,0
1449556924,29,0
1449557729,4,0
1449559017,27,0
1449559026,27,0
1449559072,27,0
1449559091,27,0
1449559114,27,0
1449559132,27,0
1449559142,27,0
1449559194,27,0
1449559203,27,0
1449559209,27,0
1449559257,27,0
1449559268,22,0
1449559289,27,0
1449559549,27,0
1449559561,27,0
1449559897,29,0
1449560391,29,0
1449560678,32,0
1449560997,20,0
1449561098,32,0
1449561397,32,0
1449561557,29,0
1449562161,37,0
1449562354,37,0
1449563978,37,0
1449564177,23,0
1449565505,40,0
1449565553,40,0
1449565896,29,0
1449566614,29,0
1449566634,29,0
1449566676,29,0
1449566697,43,0
1449566734,43,0
1449567026,29,0
1449567275,43,0
1449567306,29,0
1449567789,14,0
1449567931,50,0
1449567937,14,0
1449567943,14,0
1449567949,50,0
1449567978,14,0
1449568203,14,0
1449568286,29,0
1449568524,34,0
1449568529,14,0
1449568683,34,0
1449568701,34,0
1449569573,29,0
1449570317,27,0
1449570322,37,0
1449570329,37,0
1449576868,34,0
1449577826,27,0
1449578021,27,0
1449578062,27,0
1449578960,27,0
1449580639,27,0
1449580704,27,0
1449582449,27,0
1449582455,27,0
1449591816,32,0
1449592408,18,0
1449593465,20,0
1449593813,32,0
1449593860,50,0
1449594099,32,0
1449594631,32,0
1449596837,12,0
1449596901,12,0
1449596964,12,0
1449597491,26,0
1449597501,26,0
1449597508,26,0
1449598869,20,0
1449599368,35,0
1449599447,35,0
1449599606,35,0
1449606803,22,0
1449607178,22,0
1449607528,22,0
1449608151,45,0
1449608718,22,0
1449608737,37,0
1449608938,37,0
1449609170,37,0
1449610772,8,1
1449610983,20,0
1449611340,43,0
1449611756,14,0
1449611821,20,0
1449612372,20,0
1449612692,20,0
1449612813,26,0
1449612944,11,0
1449613458,40,0
1449613481,40,0
1449613511,11,0
1449613661,11,0
1449613737,11,0
1449613777,11,0
1449613841,11,0
1449613872,40,0
1449613909,40,0
1449613918,40,0
1449613941,45,0
1449614012,40,0
1449614644,40,0
1449614681,40,1
1449614739,40,0
1449615001,40,0
1449615069,43,0
1449616024,40,0
1449616044,40,0
1449616111,40,0
1449616166,20,0
1449617130,37,0
1449617373,40,0
1449617629,40,0
1449617645,40,0
1449617902,40,0
1449617954,40,0
1449618204,11,1
1449618224,11,0
1449618253,11,0
1449618295,11,0
1449618611,11,0
1449618669,11,0
1449618735,11,0
1449619249,20,0
1449619292,11,0
1449619499,11,0
1449619929,20,0
1449619948,11,0
1449619975,40,0
1449620051,40,0
1449620118,40,0
1449620154,40,0
1449620193,40,0
1449620242,40,0
1449620259,40,0
1449620372,40,0
1449620462,20,0
1449620766,40,0
1449621517,40,0
1449622493,40,0
1449622530,40,0
1449622956,40,0
1449623346,37,0
1449623701,35,0
1449624198,40,0
1449625277,35,0
1449625931,40,0
1449625992,40,0
1449626317,40,0
1449626541,40,0
1449626556,40,0
1449627350,40,0
1449629470,40,0
1449629849,40,0
1449631252,29,0
1449631889,37,0
1449632370,22,0
1449632429,22,0
1449632489,22,0
1449633262,40,0
1449633888,36,0
1449634341,40,0
1449634373,40,0
1449634804,50,0
1449634942,29,0
1449635089,12,0
1449635137,12,0
1449635226,12,0
1449635855,12,0
1449635908,38,0
1449635917,50,0
1449636231,11,0
1449636259,11,0
1449636530,40,0
1449637131,8,0
1449638108,34,0
1449638137,38,0
1449638198,38,0
1449638373,34,0
1449638687,40,0
1449638827,38,0
1449639025,38,0
1449639069,38,0
1449639072,6,0
1449639534,43,0
1449639652,43,0
1449640309,43,0
1449640343,43,0
1449640733,27,0
1449641048,12,0
1449641358,12,0
1449641477,12,0
1449641591,38,0
1449641799,12,0
1449642240,4,0
1449643222,43,0
1449644780,6,0
1449645103,40,0
1449647213,12,0
1449647467,32,0
1449647631,51,0
1449648795,37,0
1449650086,34,0
1449650202,20,0
1449650889,50,0
1449650912,50,0
1449650942,50,0
1449651152,50,0
1449651260,34,0
1449651290,34,0
1449651554,51,0
1449651782,50,1
1449651841,23,0
1449651849,23,0
1449651985,50,0
1449651999,23,0
1449652002,50,0
1449652138,34,0
1449652342,23,0
1449652355,23,0
1449652407,43,0
1449652729,23,0
1449653164,43,0
1449653360,23,0
1449655258,29,0
1449655388,29,0
1449656712,22,0
1449656922,22,0
1449657685,8,0
1449657727,8,0
1449657978,37,0
1449658614,35,0
1449658630,35,0
1449659364,37,0
1449659822,11,0
1449659935,11,0
1449660225,14,0
1449660313,11,0
1449660458,11,0
1449660861,14,0
1449660888,14,0
1449660915,14,0
1449678877,18,0
1449679251,32,0
1449680573,32,0
1449683275,36,0
1449683650,12,0
1449685297,20,0
1449685749,35,0
1449687054,45,0
1449687157,45,0
1449687173,45,0
1449687895,6,0
1449688726,6,0
1449688805,6,0
1449689021,6,0
1449689096,6,0
1449689250,6,0
1449689499,20,0
1449690025,20,0
1449690240,20,0
1449691854,14,0
1449692108,43,0
1449692323,43,0
1449692406,43,0
1449692758,37,0
1449693456,37,0
1449693608,37,0
1449696134,20,0
1449696262,40,0
1449698147,40,0
1449698375,27,0
1449698394,37,0
1449698559,27,0
1449699226,26,0
1449702585,20,0
1449703737,26,0
1449703829,26,0
1449704217,26,0
1449704234,26,0
1449704272,26,0
1449704350,26,0
1449704398,26,0
1449704419,26,0
1449704500,26,0
1449705558,14,0
1449705586,14,0
1449705602,14,0
1449707608,8,0
1449708061,11,0
1449708232,8,0
1449708713,38,0
1449709012,38,0
1449709097,38,0
1449709216,38,0
1449709564,30,0
1449709583,30,0
1449709866,37,0
1449711667,26,0
1449711680,26,0
1449711773,26,0
1449711937,38,0
1449712459,43,1
1449712726,20,0
1449712786,20,0
1449712789,20,0
1449712795,20,0
1449712808,20,0
1449712982,20,0
1449713723,6,0
1449714822,8,0
1449714938,32,0
1449716840,40,0
1449716855,40,0
1449717762,38,0
1449719438,38,0
1449719845,40,0
1449722184,29,0
1449722261,12,0
1449723128,38,0
1449724900,27,0
1449725780,29,0
1449726130,27,0
1449726566,43,0
1449726618,27,0
1449726681,37,0
1449726791,6,0
1449727100,27,0
1449727291,22,0
1449727461,22,0
1449729142,20,0
1449729169,43,0
1449729214,20,0
1449729544,37,0
1449730731,29,0
1449730865,37,0
1449731910,35,0
1449731959,20,0
1449732006,35,0
1449732009,35,0
1449732523,6,0
1449732566,6,0
1449733916,50,0
1449734095,50,0
1449734471,50,0
1449734480,50,0
1449734729,12,0
1449735268,29,0
1449735868,12,0
1449736023,12,0
1449736335,43,0
1449736486,43,0
1449736820,4,0
1449737034,32,0
1449737072,30,0
1449737221,30,0
1449738143,29,0
1449738148,23,0
1449738230,29,0
1449738260,29,0
1449738363,29,0
1449738369,37,0
1449738457,37,0
1449738877,43,0
1449738932,29,0
1449738980,29,0
1449739059,29,0
1449739064,29,0
1449739382,43,0
1449739410,37,0
1449739575,43,0
1449739590,29,0
1449740436,29,0
1449740578,29,0
1449740793,29,0
1449740840,29,0
1449741522,29,0
1449743042,29,0
1449743160,29,0
1449743370,29,0
1449744182,8,0
1449744388,11,0
1449745080,22,0
1449745487,11,0
1449746124,11,0
1449746217,22,0
1449746305,11,0
1449746316,11,0
1449746436,11,0
1449746501,11,0
1449747563,27,0
1449748216,29,0
1449748298,29,0
1449752295,37,0
1449752711,27,0
1449764560,20,0
1449765362,18,0
1449765465,18,0
1449765887,38,0
1449766749,20,0
1449770897,6,0
1449771290,6,0
1449771351,6,0
1449771681,20,0
1449772164,6,0
1449775073,43,0
1449775522,38,0
1449775835,38,0
1449775977,38,0
1449776498,38,0
1449776638,38,0
1449779513,22,0
1449779649,22,0
1449779739,37,0
1449780063,40,0
1449780158,8,0
1449780302,40,0
1449780657,40,0
1449781076,50,0
1449781165,50,0
1449782213,37,0
1449783444,38,0
1449783462,38,0
1449783582,34,0
1449783834,37,0
1449783963,11,0
1449783984,11,0
1449784399,11,0
1449784400,38,0
1449784603,11,0
1449784610,45,0
1449784685,11,0
1449784699,38,0
1449785125,14,0
1449785202,38,0
1449785624,26,0
1449786213,20,0
1449788284,40,0
1449788464,22,0
1449788550,22,0
1449788689,22,0
1449789195,22,0
1449789799,8,0
1449789826,34,0
1449790036,34,0
1449790189,11,0
1449790195,11,0
1449790200,34,0
1449790305,11,0
1449791312,11,0
1449791544,11,0
1449791666,43,0
1449791935,38,0
1449792034,11,0
1449792048,11,0
1449792086,11,0
1449792332,11,0
1449792457,38,0
1449793753,51,0
1449793825,51,0
1449794122,36,0
1449794362,22,0
1449794449,22,0
1449795524,7,0
1449798139,40,0
1449798212,40,0
1449799326,27,0
1449800434,37,0
1449802282,37,0
1449804830,38,0
1449804989,38,0
1449805060,34,0
1449805071,34,0
1449805241,38,0
1449805612,38,0
1449805622,22,0
1449805667,22,0
1449806353,38,1
1449806996,37,0
1449807194,11,0
1449807250,43,0
1449807450,38,0
1449808203,45,0
1449808604,45,0
1449808973,16,0
1449809186,8,0
1449809216,8,0
1449809392,20,0
1449810301,38,0
1449811277,20,0
1449811475,12,0
1449811494,35,0
1449811752,38,0
1449811908,38,0
1449811941,37,0
1449812148,38,0
1449812688,43,0
1449813732,37,0
1449813746,6,0
1449814143,34,0
1449814286,38,0
1449814490,30,0
1449814866,43,0
1449814868,45,0
1449815026,36,0
1449815082,43,0
1449815207,8,0
1449815244,8,0
1449815289,8,0
1449815305,8,0
1449815354,50,0
1449815430,50,0
1449815943,37,0
1449815960,43,0
1449816208,50,0
1449816353,50,0
1449816388,38,0
1449816459,20,0
1449817468,38,0
1449819117,20,0
1449819126,22,0
1449819762,50,0
1449819773,50,0
1449819774,38,0
1449819905,50,0
1449820222,20,1
1449820233,50,1
1449820237,20,0
1449820253,50,0
1449820324,50,0
1449820480,34,0
1449820560,50,0
1449820573,50,0
1449820946,50,0
1449820967,20,0
1449821025,20,0
1449821026,8,0
1449821030,8,0
1449821034,20,0
1449821183,38,0
1449821225,20,0
1449821293,20,0
1449821374,38,0
1449821593,20,0
1449822964,29,0
1449823203,51,0
1449823245,38,0
1449823340,29,0
1449823796,38,0
1449824308,29,0
1449824386,51,0
1449824396,29,0
1449824417,51,0
1449825000,51,0
1449825386,29,0
1449826185,26,0
1449826805,26,0
1449826805,26,0
1449826886,35,0
1449826940,26,0
1449826941,26,0
1449827403,26,0
1449827421,26,0
1449827513,43,0
1449827684,26,0
1449827782,29,0
1449827814,29,0
1449827867,29,0
1449827947,43,0
1449828693,29,0
1449828792,29,0
1449829327,11,0
1449829402,11,0
1449829590,11,0
1449829594,11,0
1449829883,11,0
1449830024,29,0
1449830420,22,0
1449830763,26,0
1449830892,26,0
1449830987,26,0
1449831181,29,0
1449831653,35,0
1449834277,29,0
1449851752,18,0
1449851823,18,0
1449852571,38,0
1449852764,38,0
1449852928,38,0
1449853086,20,0
1449853459,20,0
1449853525,38,0
1449853603,38,0
1449853697,20,0
1449853867,38,0
1449853959,38,0
1449856671,22,0
1449856718,22,0
1449857803,22,0
1449858082,20,0
1449858292,43,0
1449861024,20,0
1449861711,22,0
1449862338,22,0
1449862665,35,0
1449862799,22,0
1449862879,14,0
1449862884,22,0
1449864025,37,0
1449864144,37,0
1449864640,37,0
1449864761,37,0
1449865729,14,0
1449866828,11,0
1449867963,11,0
1449868034,11,0
1449868059,43,0
1449868067,11,0
1449868134,11,0
1449868196,11,0
1449868262,11,0
1449868277,11,0
1449868448,11,0
1449868468,11,0
1449868514,11,0
1449868584,37,0
1449868668,11,0
1449869050,36,0
1449869051,37,0
1449869127,36,0
1449869214,36,0
1449869274,43,0
1449869308,11,1
1449869410,37,0
1449869444,6,0
1449869452,6,0
1449869612,11,0
1449869633,36,0
1449869766,11,0
1449869880,11,0
1449869916,11,0
1449870242,37,0
1449870561,34,0
1449870564,37,0
1449870815,37,0
1449870946,37,0
1449870971,37,0
1449871474,20,0
1449871515,37,0
1449871716,20,0
1449871822,11,0
1449872019,26,0
1449872316,36,0
1449872488,37,0
1449872698,37,0
1449873008,8,0
1449873112,37,0
1449873856,11,0
1449875693,1,0
1449876521,43,0
1449876623,43,0
1449877017,43,1
1449877047,43,1
1449877086,26,0
1449877089,26,0
1449877093,26,0
1449877237,34,0
1449878697,8,0
1449878822,27,0
1449878827,27,0
1449878970,20,0
1449879192,20,0
1449879204,20,0
1449879287,20,0
1449880027,27,0
1449881431,1,0
1449883617,18,0
1449883684,18,0
1449888322,9,0
1449888443,40,0
1449888623,9,0
1449888810,9,0
1449888863,40,0
1449889092,37,0
1449889241,11,0
1449889414,11,0
1449889583,8,0
1449889626,8,0
1449889672,34,0
1449890132,11,0
1449890170,11,0
1449890201,11,0
1449890274,11,0
1449891542,8,0
1449891591,11,0
1449891661,11,0
1449891691,11,0
1449891706,11,0
1449892156,12,0
1449892594,6,0
1449892966,8,0
1449893716,32,0
1449893833,40,0
1449894249,20,0
1449894394,37,0
1449895112,14,0
1449895134,14,0
1449895152,14,0
1449895767,38,0
1449895867,38,0
1449895898,40,0
1449896175,38,0
1449897452,14,0
1449899429,36,0
1449900695,8,0
1449900954,12,0
1449902113,35,0
1449902252,35,0
1449902881,20,0
1449902920,20,0
1449903061,32,0
1449903081,32,0
1449903989,26,0
1449904058,26,0
1449904402,12,0
1449904450,11,0
1449905825,32,0
1449906197,11,0
1449906217,11,0
1449906925,32,0
1449907027,50,0
1449907320,11,0
1449907448,29,0
1449907629,29,0
1449908237,32,0
1449909384,22,0
1449909635,22,0
1449909840,11,0
1449909928,32,0
1449910007,22,0
1449910579,43,0
1449911133,51,0
1449911828,7,1
1449911864,7,1
1449911954,7,1
1449912306,11,0
1449912487,19,0
1449912533,11,0
1449913012,51,0
1449913069,51,0
1449914519,29,0
1449914843,29,0
1449915290,11,0
1449915391,11,1
1449915468,11,0
1449918223,37,0
1449918888,29,0
1449922787,34,0
1449926816,14,0
1449926824,14,0
1449929323,34,0
1449930277,34,0
1449930362,34,0
1449932111,32,0
1449933536,11,0
1449934060,11,0
1449936373,32,0
1449936486,32,0
1449937945,32,0
1449944482,20,0
1449946131,22,0
1449946529,22,0
1449946614,22,0
1449946836,22,0
1449946946,22,0
1449947325,22,0
1449947761,18,0
1449947971,22,0
1449950390,20,0
1449951406,6,0
1449952226,12,0
1449952396,12,0
1449952416,12,0
1449952425,12,0
1449952478,12,0
1449952818,22,0
1449952947,22,0
1449953102,22,0
1449953110,26,0
1449953283,26,0
1449953399,6,1
1449953647,30,0
1449954787,20,0
1449955682,6,0
1449956134,19,0
1449956376,43,0
1449956956,43,0
1449957010,43,0
1449957767,11,0
1449957880,40,0
1449958310,40,0
1449958431,26,0
1449959276,43,0
1449959441,19,0
1449960948,22,0
1449962348,11,0
1449962500,11,0
1449963628,51,0
1449963670,51,0
1449964905,38,0
1449965208,38,0
1449966335,37,0
1449966472,11,0
1449966812,50,0
1449967138,43,0
1449967162,43,0
1449967295,37,0
1449967337,37,0
1449967464,43,0
1449967471,43,0
1449967503,43,0
1449967548,43,0
1449967569,43,0
1449968459,43,1
1449968654,11,1
1449968924,11,0
1449969076,11,0
1449969087,21,0
1449969900,20,0
1449969911,20,0
1449970098,11,0
1449970654,11,0
1449970677,11,0
1449970761,29,0
1449970785,11,0
1449970907,11,0
1449971065,11,0
1449971274,11,0
1449971344,11,0
1449971439,11,0
1449971463,11,0
1449971528,11,0
1449971607,11,0
1449971716,11,0
1449971746,11,0
1449971768,8,0
1449972853,8,0
1449972944,50,0
1449973134,50,0
1449973144,50,0
1449973222,50,0
1449973758,51,0
1449973759,51,0
1449974318,43,0
1449974343,43,0
1449974403,8,0
1449974543,43,0
1449974571,43,0
1449974579,8,0
1449974697,26,0
1449974722,8,0
1449974723,26,0
1449974753,26,0
1449974807,26,0
1449974849,26,0
1449974860,26,0
1449975002,26,0
1449975055,26,0
1449975149,26,0
1449975181,26,0
1449975230,26,0
1449975261,26,0
1449975309,26,0
1449975765,51,0
1449975785,51,0
1449976275,32,0
1449977017,8,0
1449977037,8,0
1449977183,20,0
1449977229,8,0
1449978172,30,0
1449978205,30,0
1449978210,30,0
1449978405,30,0
1449978449,30,0
1449978704,7,0
1449979369,37,0
1449979390,51,0
1449979463,51,0
1449980117,37,0
1449982991,20,0
1449984014,11,0
1449984021,11,0
1449984282,11,0
1449984621,11,0
1449985273,50,0
1449985547,50,0
1449987202,43,0
1449987399,50,0
1449987710,37,0
1449988214,23,0
1449988342,23,0
1449989301,43,0
1449989455,43,0
1449990237,50,0
1449990604,8,0
1449990616,8,1
1449990829,43,0
1449991271,23,0
1449991353,43,1
1449991373,34,1
1449991380,38,0
1449991447,30,1
1449991496,43,0
1449991514,30,1
1449991559,35,0
1449991657,35,0
1449991784,30,0
1449991832,38,0
1449991917,50,0
1449991980,11,0
1449991990,11,0
1449992008,11,1
1449992137,11,0
1449992142,11,0
1449992145,11,0
1449992153,11,0
1449992158,11,0
1449992160,11,1
1449992168,11,0
1449992171,11,0
1449992172,38,0
1449992173,4,0
1449992250,38,0
1449992547,50,1
1449992556,50,0
1449992607,34,0
1449992686,8,0
1449992741,8,0
1449992815,43,1
1449992993,38,0
1449993984,38,0
1449994254,38,0
1449994264,38,0
1449994379,22,0
1449994448,38,0
1449994583,22,0
1449994584,4,0
1449994675,38,0
1449994837,38,1
1449994932,11,0
1449994971,11,0
1449995017,11,0
1449995173,1,0
1449995249,4,1
1449995258,4,1
1449995601,8,0
1449995634,8,0
1449995642,11,0
1449995697,8,0
1449995718,22,0
1449995777,8,0
1449996409,2,0
1449996431,38,0
1449996521,38,0
1449996530,22,0
1449996580,38,0
1449996629,38,0
1449996708,38,0
1449996826,2,1
1449996845,2,1
1449996890,38,0
1449996904,22,0
1449997679,38,0
1449997825,38,0
1449997914,45,0
1449997975,45,0
1449998185,38,0
1449998338,1,0
1449998420,38,0
1449998526,38,0
1449999424,38,0
1449999529,51,0
1449999540,38,1
1449999599,38,1
1449999702,51,1
1449999789,51,0
1449999895,38,0
1449999998,51,0
1450000113,51,0
1450000136,35,0
1450000139,34,0
1450000316,20,0
1450000320,20,0
1450000329,20,0
1450000353,20,0
1450000497,51,0
1450000507,20,0
1450000689,38,1
1450001194,20,0
1450001612,20,0
1450001620,20,0
1450001652,11,1
1450001667,11,0
1450003122,29,0
1450003256,11,1
1450003464,29,0
1450004145,40,0
1450004168,40,0
1450004209,40,0
1450004246,40,0
1450004260,40,0
1450004306,40,0
1450004310,40,0
1450004435,40,0
1450004442,40,0
1450004482,40,0
1450004517,40,0
1450004677,40,0
1450005236,14,0
1450005295,14,0
1450005497,14,0
1450005629,14,0
1450005666,14,0
1450005670,14,0
1450005694,26,0
1450005706,26,0
1450005712,26,0
1450005716,26,0
1450005765,26,1
1450006172,26,0
1450006297,26,0
1450006337,26,0
1450006347,26,0
1450006367,26,0
1450006372,26,1
1450006430,26,1
1450006436,26,1
1450006447,26,1
1450006461,26,1
1450006462,26,1
1450006548,26,1
1450006711,29,0
1450006883,29,0
1450006923,29,0
1450006937,26,1
1450007073,26,0
1450007334,29,0
1450007469,14,0
1450007626,29,0
1450008191,11,0
1450008213,11,1
1450008235,11,0
1450008322,11,0
1450008349,11,1
1450009788,35,0
1450009953,34,0
1450011715,34,0
1450012365,34,0
1450012594,34,0
1450013031,34,0
1450013084,34,0
1450013182,34,0
1450013253,34,0
1450015328,29,0
1450018157,38,0
1450018721,38,0
1450019532,38,0
1450025078,32,0
1450025116,32,0
1450026716,38,0
1450027346,38,0
1450029292,32,0
1450029897,18,0
1450030661,38,0
1450030876,38,0
1450030928,20,0
1450031047,22,0
1450031199,22,0
1450032083,22,1
1450032331,11,0
1450032660,11,0
1450032806,11,0
1450032936,6,0
1450033029,6,1
1450033096,6,1
1450033420,22,0
1450033477,22,0
1450033677,38,0
1450034195,38,0
1450034953,43,1
1450035986,12,0
1450036624,36,0
1450036979,9,0
1450036990,9,0
1450037028,9,0
1450037048,9,0
1450037070,9,0
1450037101,9,1
1450037112,9,1
1450037436,9,0
1450037568,34,0
1450037629,20,0
1450037659,20,0
1450037667,20,0
1450037673,20,0
1450037936,9,0
1450038356,34,0
1450039351,26,0
1450039368,26,0
1450039390,26,0
1450039694,34,0
1450040412,26,0
1450040420,26,0
1450040586,26,0
1450040600,26,0
1450040645,26,0
1450040680,26,0
1450040718,26,0
1450040751,22,0
1450040790,26,0
1450040849,22,0
1450040947,22,0
1450040967,26,0
1450041186,37,0
1450041428,37,0
1450041433,22,0
1450041531,37,0
1450041736,34,0
1450041753,37,0
1450041899,14,0
1450041908,14,0
1450041924,14,0
1450041940,14,0
1450041954,14,0
1450041964,37,0
1450042126,37,0
1450042128,37,0
1450042457,37,0
1450042470,43,0
1450042488,38,0
1450042499,38,0
1450043577,27,0
1450043628,35,0
1450043918,40,0
1450044599,35,0
1450044846,26,0
1450045049,20,0
1450045054,20,0
1450045408,27,0
1450045612,23,0
1450045643,27,0
1450045942,16,1
1450045944,16,1
1450045966,16,1
1450046117,38,0
1450046122,35,0
1450046148,35,0
1450046285,34,0
1450046417,35,0
1450046523,14,0
1450046546,8,0
1450046550,14,0
1450046573,34,0
1450046589,14,0
1450046622,14,0
1450046638,6,0
1450046675,34,0
1450046691,34,0
1450046863,20,0
1450047001,38,0
1450047180,38,0
1450047835,20,0
1450047987,20,0
1450048301,23,0
1450048389,20,0
1450048416,20,0
1450048426,20,0
1450048470,20,0
1450049257,11,0
1450049465,11,0
1450049679,37,0
1450049904,11,0
1450050010,34,0
1450050437,20,0
1450050892,38,0
1450052044,11,0
1450052805,11,0
1450052822,11,0
1450052856,11,0
1450052920,11,0
1450052933,11,0
1450052944,11,0
1450053018,37,0
1450053032,22,0
1450053085,22,0
1450053149,11,0
1450053188,43,0
1450053246,11,0
1450053248,20,0
1450053260,22,0
1450053298,11,0
1450053330,11,0
1450053331,43,0
1450053350,22,0
1450053445,43,0
1450053643,34,0
1450053685,22,0
1450053879,22,0
1450053994,22,0
1450054197,27,0
1450054376,27,0
1450054472,40,0
1450054502,40,0
1450055410,37,0
1450056485,37,0
1450056800,27,0
1450058951,22,0
1450059558,43,0
1450059562,27,0
1450059570,43,0
1450060026,8,1
1450060068,8,0
1450060105,27,0
1450060279,50,0
1450060293,50,0
1450060519,8,1
1450060952,43,0
1450061597,22,0
1450062135,29,0
1450063217,37,0
1450063273,11,0
1450063690,51,0
1450064000,14,0
1450065057,32,0
1450065502,12,0
1450068367,27,0
1450068774,37,0
1450069195,20,0
1450069214,20,0
1450069708,20,0
1450069712,20,0
1450069818,20,0
1450071003,29,0
1450071095,34,0
1450071229,29,0
1450071394,32,0
1450071608,34,0
1450071640,34,0
1450072241,29,0
1450073799,12,0
1450073960,12,0
1450074175,50,0
1450074198,50,0
1450076262,37,0
1450076603,22,0
1450076705,22,0
1450076847,22,0
1450076902,22,0
1450077067,12,0
1450077852,37,0
1450078605,2,1
1450078619,2,1
1450078719,2,0
1450078741,2,0
1450078747,2,0
1450078751,2,0
1450078760,2,0
1450079059,2,0
1450079073,2,0
1450079078,2,0
1450079083,2,0
1450079172,35,0
1450079251,35,0
1450079405,16,0
1450079697,35,0
1450080468,35,0
1450080488,22,0
1450080648,22,0
1450080810,26,0
1450080823,12,0
1450080936,26,0
1450081074,26,0
1450081159,43,0
1450081166,26,0
1450081191,26,0
1450081257,26,0
1450081379,26,0
1450081426,26,0
1450081450,37,0
1450081466,26,0
1450081558,26,0
1450081684,26,0
1450081721,26,0
1450081953,20,0
1450082417,26,0
1450082473,26,0
1450082527,26,0
1450082705,26,0
1450083046,26,0
1450083370,34,0
1450083617,26,0
1450083756,26,0
1450083876,51,0
1450083908,26,0
1450083998,26,0
1450084065,26,0
1450084115,51,0
1450084549,11,0
1450084568,51,0
1450084574,37,0
1450084863,37,0
1450084880,37,0
1450085323,26,0
1450085772,1,0
1450086037,37,0
1450086481,29,0
1450086811,51,0
1450086833,26,0
1450086840,29,0
1450087095,29,0
1450087524,7,0
1450087535,7,0
1450087854,29,0
1450088230,26,0
1450089141,37,0
1450089291,34,0
1450089735,34,0
1450089981,26,0
1450090292,34,0
1450091291,29,0
1450091371,29,0
1450093718,27,0
1450093747,27,0
1450093827,27,0
1450093867,27,0
1450093982,27,0
1450094005,27,0
1450094036,27,1
1450094636,14,0
1450094661,14,0
1450094741,14,0
1450094771,14,0
1450094807,14,0
1450094823,14,0
1450094829,14,0
1450094940,27,0
1450094958,27,0
1450094974,27,0
1450095953,4,0
1450099247,37,0
1450099311,27,0
1450111051,18,0
1450111332,50,0
1450111494,50,0
1450111855,50,0
1450112061,50,0
1450114424,22,0
1450114997,7,0
1450115147,22,0
1450115297,22,0
1450115529,22,0
1450115740,12,0
1450116059,22,0
1450116098,22,0
1450116198,12,0
1450116210,12,0
1450116408,22,0
1450116595,22,0
1450116607,22,0
1450116743,22,0
1450116762,22,0
1450116844,22,0
1450117064,22,0
1450117359,20,0
1450118115,6,0
1450118185,22,0
1450118239,22,0
1450118352,22,0
1450118506,22,0
1450118550,6,0
1450118743,22,0
1450118779,22,0
1450118986,22,0
1450119129,22,0
1450119167,22,0
1450119250,22,0
1450119394,22,0
1450119428,22,0
1450119594,22,0
1450119755,32,0
1450119864,22,0
1450119998,22,0
1450121530,45,0
1450122452,22,0
1450122617,22,0
1450122669,22,0
1450122722,22,0
1450122838,22,0
1450122872,22,0
1450122898,22,0
1450123330,18,0
1450123618,18,0
1450123630,18,0
1450124782,1,0
1450126105,22,1
1450127957,12,0
1450127993,12,0
1450127999,12,0
1450130133,12,0
1450130137,12,0
1450130198,12,0
1450130214,12,0
1450130893,12,0
1450131258,26,0
1450132207,27,0
1450132575,22,0
1450132777,1,0
1450133536,14,0
1450133539,14,0
1450133555,14,0
1450133559,14,0
1450133576,14,0
1450133590,14,0
1450133608,14,0
1450133631,14,0
1450133731,14,0
1450133813,14,0
1450133817,14,0
1450133871,14,0
1450133905,37,0
1450133961,14,0
1450134003,34,0
1450134011,14,0
1450134067,37,0
1450134138,14,0
1450134165,14,0
1450134417,27,0
1450134717,37,0
1450135058,22,0
1450135188,38,0
1450135410,38,0
1450135649,8,0
1450135721,37,0
1450135745,34,0
1450136207,45,0
1450136425,12,0
1450137366,34,0
1450138858,37,0
1450138930,26,0
1450138961,8,1
1450139096,26,0
1450139246,26,0
1450139396,26,0
1450139482,26,0
1450139502,26,0
1450139555,26,0
1450139578,26,0
1450139714,26,0
1450139770,26,0
1450139823,26,0
1450139840,26,0
1450139982,26,0
1450139985,20,0
1450139993,26,0
1450140006,26,0
1450140085,20,0
1450140113,26,0
1450140179,51,0
1450140348,43,0
1450140890,37,0
1450141447,26,0
1450141984,22,0
1450142098,12,0
1450142104,22,0
1450142117,22,0
1450142197,22,0
1450142232,12,0
1450142292,37,0
1450143065,34,0
1450143082,34,0
1450143095,22,0
1450143106,22,0
1450143209,34,0
1450143346,22,0
1450143357,34,0
1450143419,22,0
1450143479,22,0
1450143755,12,0
1450143759,12,0
1450143932,12,0
1450144365,6,0
1450144574,14,0
1450144610,14,0
1450144857,11,0
1450145080,14,0
1450145195,14,0
1450145317,22,0
1450145374,22,0
1450145440,22,0
1450145461,22,0
1450145480,20,0
1450145490,22,0
1450145545,22,0
1450145580,22,0
1450145597,22,0
1450145682,22,0
1450145743,22,0
1450145897,12,0
1450145921,12,0
1450145947,12,0
1450145957,12,0
1450146109,22,0
1450146163,22,0
1450148553,12,0
1450148600,12,0
1450148614,12,0
1450148698,20,0
1450148809,20,0
1450148917,12,0
1450148940,12,0
1450148943,12,0
1450149330,37,0
1450149528,20,0
1450149539,12,0
1450149543,12,0
1450149795,20,0
1450150193,12,0
1450150199,12,0
1450150224,12,0
1450150236,12,0
1450150671,22,0
1450151649,43,0
1450152179,43,0
1450152395,45,0
1450152517,12,0
1450152536,12,0
1450152618,32,0
1450153190,40,0
1450153837,38,0
1450154778,35,0
1450154942,26,0
1450154958,26,0
1450154984,34,0
1450155107,26,0
1450155136,26,0
1450155147,34,0
1450155775,40,0
1450155804,32,0
1450156534,6,0
1450156735,22,0
1450156932,22,0
1450157158,22,0
1450157953,36,0
1450157956,22,0
1450158097,12,0
1450158455,37,0
1450159546,40,0
1450159960,29,0
1450160042,50,0
1450160124,50,0
1450160140,50,0
1450161502,12,0
1450161512,12,0
1450162930,1,0
1450163537,50,0
1450163656,50,0
1450163806,27,0
1450163989,27,0
1450164047,27,0
1450165382,12,0
1450165387,12,0
1450165499,12,0
1450165578,12,0
1450165586,12,0
1450165701,12,0
1450165710,12,0
1450166326,29,0
1450166367,20,0
1450166379,12,0
1450166384,12,0
1450167280,12,0
1450167857,51,0
1450167881,51,0
1450168415,12,0
1450168418,12,0
1450168420,51,0
1450168430,51,0
1450168563,34,0
1450168876,34,0
1450169346,34,0
1450169663,34,0
1450169771,34,0
1450169913,35,0
1450169925,35,0
1450170191,11,0
1450170341,35,0
1450170620,35,0
1450170675,35,0
1450170685,51,0
1450170836,35,0
1450170855,35,0
1450170860,35,0
1450171616,32,0
1450171668,32,0
1450172050,7,0
1450172092,34,0
1450175096,22,0
1450176338,34,0
1450176958,34,0
1450177249,34,0
1450178470,29,0
1450178616,14,0
1450178686,14,0
1450178709,14,0
1450178729,14,0
1450178823,14,0
1450178864,14,0
1450178894,14,0
1450178916,14,0
1450178917,29,0
1450178973,14,0
1450179018,14,0
1450179061,14,0
1450179108,14,0
1450179148,14,0
1450179215,14,0
1450179227,14,0
1450179307,14,0
1450179341,14,0
1450180300,26,0
1450180401,26,0
1450180433,26,0
1450180477,26,0
1450180545,26,0
1450181651,11,0
1450181675,11,0
1450181804,11,0
1450181848,11,0
1450183795,14,0
1450183821,14,0
1450185553,27,0
1450187491,27,0
1450187497,27,0
1450187562,27,0
1450191939,32,0
1450197307,18,0
1450198263,20,0
1450198272,20,0
1450198299,20,0
1450200738,12,0
1450200742,12,0
1450202576,6,0
1450202581,14,0
1450203721,20,0
1450204372,22,0
1450204453,22,0
1450204598,29,0
1450205552,37,0
1450205658,35,0
1450205896,35,0
1450205985,22,0
1450206585,22,0
1450206869,22,0
1450207350,22,0
1450207645,8,0
1450208667,43,0
1450208831,43,0
1450208925,43,0
1450208994,43,0
1450209617,15,1
1450209617,15,1
1450209993,37,0
1450210156,37,0
1450211843,16,0
1450212014,16,0
1450212611,2,0
1450212611,2,0
1450212734,27,0
1450214298,6,0
1450214467,22,0
1450214758,27,0
1450215047,22,0
1450215247,22,0
1450215520,27,0
1450215640,22,0
1450215802,20,0
1450215845,20,0
1450216088,11,0
1450216311,12,0
1450217635,26,0
1450218768,22,0
1450219259,37,0
1450219682,12,0
1450220119,11,0
1450220756,37,0
1450221172,16,0
1450221482,16,0
1450221520,16,0
1450221652,34,0
1450221672,16,0
1450222036,16,0
1450222058,16,0
1450222117,16,0
1450222164,16,0
1450222226,16,0
1450222473,16,0
1450222573,38,0
1450222713,16,0
1450222904,16,0
1450223027,16,0
1450223255,38,0
1450223354,38,0
1450224246,16,0
1450224474,20,0
1450224490,16,0
1450224635,16,0
1450224746,16,0
1450224884,12,0
1450224888,12,0
1450224931,16,0
1450226928,43,0
1450227333,36,0
1450227760,43,0
1450228652,37,0
1450228653,37,0
1450228668,37,0
1450229919,14,0
1450230108,20,0
1450230164,14,0
1450230201,20,0
1450231046,4,0
1450231361,35,0
1450231506,14,0
1450231738,35,0
1450231766,35,0
1450231776,35,0
1450232247,37,0
1450232903,43,0
1450233397,43,0
1450233401,43,0
1450234527,14,0
1450235344,1,0
1450235371,6,0
1450235466,6,0
1450235586,6,0
1450236129,20,0
1450236261,34,0
1450237343,38,0
1450237967,38,0
1450239437,8,0
1450239625,37,0
1450239860,8,1
1450239888,8,1
1450240645,29,0
1450240914,20,0
1450241106,8,0
1450241157,43,0
1450241457,43,0
1450242038,43,0
1450242780,43,0
1450243181,8,0
1450243532,6,0
1450243707,22,0
1450245374,51,0
1450245510,34,0
1450245521,51,0
1450245523,51,0
1450245562,51,0
1450245645,51,0
1450245733,29,0
1450246655,14,0
1450246659,14,0
1450246679,14,0
1450246871,14,0
1450248034,34,0
1450248255,27,0
1450249029,27,0
1450249140,45,0
1450249151,45,0
1450249155,45,0
1450249306,20,0
1450249822,32,0
1450249933,20,0
1450249943,20,0
1450249983,20,0
1450250075,32,0
1450250515,32,0
1450250616,32,0
1450250971,20,0
1450250979,20,0
1450251032,38,0
1450251109,20,0
1450251139,35,0
1450251146,51,0
1450251167,51,0
1450251431,9,0
1450251457,9,0
1450251466,9,0
1450251473,9,0
1450251590,50,0
1450251612,50,0
1450251625,50,0
1450251688,50,0
1450251771,50,0
1450251783,32,0
1450251822,20,0
1450252602,20,0
1450252618,20,0
1450252729,20,0
1450252966,29,0
1450253071,20,0
1450253117,20,0
1450253636,29,0
1450253651,29,0
1450254059,12,0
1450254147,29,0
1450254383,32,0
1450254397,27,0
1450254836,12,0
1450255688,34,0
1450255790,51,0
1450256240,29,0
1450256313,29,0
1450256409,29,0
1450256873,37,0
1450256876,26,0
1450257014,34,0
1450257658,43,0
1450257660,29,0
1450257750,29,0
1450257831,34,0
1450257858,27,0
1450257903,51,0
1450258956,43,0
1450259477,34,0
1450259488,34,0
1450259832,34,0
1450261614,34,0
1450262595,29,0
1450263520,22,0
1450263744,22,0
1450263943,34,0
1450264156,22,0
1450267241,29,0
1450267424,29,0
1450267683,35,0
1450267756,29,0
1450267868,29,0
1450267964,29,0
1450268374,35,0
1450268422,35,0
1450268444,35,0
1450268637,29,0
1450268746,34,0
1450270070,29,0
1450270318,29,0
1450270539,29,0
1450271143,29,0
1450271166,27,0
1450271713,34,0
1450272129,29,0
1450272187,29,0
1450272364,29,0
1450272580,29,0
1450272661,29,0
1450273354,29,0
1450273451,29,0
1450273563,29,0
1450273695,29,0
1450276282,29,0
1450276555,29,0
1450283936,18,0
1450284005,12,0
1450288588,38,0
1450288950,38,0
1450290109,6,0
1450290125,20,0
1450290574,6,0
1450292875,35,0
1450293730,35,0
1450293865,35,0
1450294198,35,0
1450294549,35,0
1450294681,22,0
1450295068,27,0
1450295162,35,0
1450295292,22,0
1450295974,22,0
1450296480,45,0
1450297377,27,0
1450297499,27,0
1450297513,35,0
1450297612,27,0
1450297731,35,0
1450297785,35,0
1450297787,27,0
1450297835,35,0
1450297904,18,0
1450298019,27,0
1450298108,18,0
1450298119,18,0
1450298134,18,1
1450299310,12,0
1450299311,43,0
1450299433,27,0
1450299466,27,0
1450299647,12,0
1450299823,43,0
1450301288,43,0
1450301363,22,0
1450301459,22,0
1450301576,22,0
1450301626,43,0
1450303653,22,0
1450303722,22,0
1450303848,22,0
1450303956,22,0
1450303976,20,0
1450304023,22,0
1450304035,26,0
1450304067,20,0
1450304104,22,0
1450304362,37,0
1450304768,34,0
1450306232,14,0
1450306283,14,0
1450306300,14,0
1450309146,35,0
1450309213,45,0
1450309903,29,0
1450310234,22,0
1450310271,22,0
1450310351,22,0
1450310941,37,0
1450311352,20,0
1450311407,20,0
1450311488,20,0
1450311881,37,0
1450312159,29,0
1450312674,6,0
1450312928,29,0
1450313552,26,0
1450313665,26,0
1450313821,26,0
1450313841,26,0
1450313898,26,0
1450314005,26,0
1450314013,35,0
1450314167,26,0
1450314362,29,0
1450314393,35,0
1450314623,35,0
1450315096,35,0
1450315210,35,0
1450315395,26,0
1450315411,26,0
1450315543,26,0
1450315574,26,0
1450315581,26,0
1450316047,20,0
1450316053,20,0
1450316352,37,0
1450316398,35,0
1450319395,26,0
1450319436,26,0
1450319800,51,0
1450320142,51,0
1450320252,20,0
1450320430,20,0
1450320449,20,0
1450320560,27,0
1450320609,51,0
1450320658,32,0
1450320791,35,0
1450320894,35,0
1450321186,35,0
1450322034,35,0
1450322081,35,0
1450323159,38,0
1450323720,38,0
1450324096,6,0
1450324256,6,0
1450324401,6,0
1450324838,37,0
1450325540,7,0
1450326741,37,0
1450326771,34,0
1450328518,43,0
1450329585,11,0
1450329724,43,0
1450330309,43,0
1450330453,29,0
1450330642,36,0
1450330801,20,0
1450330857,29,0
1450330886,51,0
1450331106,27,0
1450331504,20,0
1450331518,20,0
1450331735,27,0
1450331826,38,0
1450332134,35,0
1450332281,35,0
1450332287,35,0
1450332385,35,0
1450332704,35,0
1450333083,22,0
1450333190,43,0
1450333214,22,0
1450333227,20,0
1450333299,20,0
1450333560,43,0
1450333793,29,0
1450333965,20,0
1450334102,20,0
1450334491,35,0
1450334531,22,0
1450334637,36,0
1450334663,36,0
1450334723,35,0
1450334738,29,0
1450334755,36,0
1450334884,37,0
1450335202,38,0
1450335645,38,0
1450335907,36,0
1450335962,38,0
1450335988,37,0
1450336136,20,0
1450336580,50,0
1450336581,37,0
1450336649,20,0
1450337035,50,0
1450337160,50,0
1450337254,50,0
1450337358,38,0
1450337433,38,0
1450337500,35,0
1450337602,50,0
1450337671,38,0
1450337785,20,0
1450337795,20,0
1450337957,20,0
1450338004,20,0
1450338166,20,0
1450338748,37,0
1450339091,20,0
1450339303,37,0
1450339342,36,0
1450339380,20,0
1450339521,20,0
1450339750,43,0
1450339757,20,0
1450339758,37,0
1450339878,29,0
1450339885,20,0
1450340056,20,0
1450340133,20,0
1450340391,43,0
1450340400,51,0
1450341524,20,0
1450341551,20,0
1450341559,20,0
1450341732,20,0
1450341776,37,0
1450341794,29,0
1450341813,37,0
1450342138,20,0
1450342228,37,0
1450342576,20,0
1450342762,20,0
1450342791,20,0
1450343792,37,0
1450343830,37,0
1450343834,34,0
1450343855,29,0
1450343925,37,0
1450344393,37,0
1450344700,37,0
1450344908,37,0
1450345146,37,0
1450345438,23,0
1450345493,34,0
1450345773,26,0
1450345860,26,0
1450346129,29,0
1450346192,23,0
1450346215,23,0
1450346287,26,0
1450347199,34,0
1450347614,8,0
1450347692,8,1
1450347701,8,0
1450348104,29,0
1450348123,29,0
1450348285,29,0
1450348334,29,0
1450348875,29,0
1450349051,34,0
1450349221,29,0
1450350463,29,0
1450350558,29,0
1450351800,29,0
1450352085,29,0
1450352252,29,0
1450352709,29,0
1450354072,22,0
1450357045,29,0
1450358272,29,0
1450358394,29,0
1450361409,29,0
1450361668,38,0
1450361794,38,0
1450362093,38,0
1450369597,32,0
1450369843,38,1
1450369903,38,0
1450370028,18,0
1450370117,18,0
1450371496,20,0
1450371532,20,0
1450371575,20,0
1450372839,7,0
1450375514,27,0
1450375854,27,0
1450375874,27,0
1450375891,27,0
1450376400,27,0
1450376484,20,0
1450376533,27,0
1450376951,43,0
1450377569,27,0
1450378024,27,0
1450378221,20,0
1450378588,27,0
1450378613,27,0
1450379057,20,0
1450379068,20,0
1450379501,27,0
1450380442,22,0
1450380738,22,0
1450380921,22,0
1450381709,35,0
1450381936,6,0
1450382239,22,0
1450382642,45,0
1450383435,22,0
1450383976,12,0
1450384314,11,0
1450384320,11,0
1450385867,43,0
1450386427,26,0
1450386439,26,0
1450386793,26,0
1450386821,26,0
1450387689,26,0
1450387936,27,0
1450388023,22,0
1450388050,35,0
1450390109,20,0
1450390154,8,0
1450390420,26,0
1450391570,51,0
1450391681,20,0
1450391693,51,0
1450392231,35,0
1450392449,26,0
1450392608,6,0
1450392648,6,0
1450394788,27,0
1450394854,27,0
1450394891,29,0
1450395035,34,0
1450395072,34,0
1450395704,8,0
1450396029,27,0
1450396142,14,0
1450398321,12,0
1450399736,43,0
1450400674,20,0
1450402383,7,0
1450404153,40,0
1450404427,11,0
1450404463,11,0
1450404504,20,0
1450404991,40,0
1450406131,37,0
1450406284,50,0
1450406618,20,0
1450408355,37,0
1450409573,37,0
1450409880,34,0
1450411325,34,0
1450412065,12,0
1450412479,37,0
1450413075,50,0
1450413425,50,0
1450413536,50,0
1450413654,11,0
1450413853,43,0
1450413883,29,0
1450413894,29,0
1450414231,29,0
1450414536,20,0
1450414547,29,0
1450416524,37,0
1450417206,43,0
1450417259,37,0
1450417462,12,0
1450417534,12,0
1450417578,43,0
1450418293,12,0
1450418448,22,0
1450419099,20,0
1450419118,8,0
1450419172,20,0
1450419627,29,0
1450419966,7,0
1450420185,21,0
1450420652,26,0
1450420772,26,0
1450420783,26,0
1450420797,26,0
1450420895,26,0
1450420928,26,0
1450421118,12,0
1450421375,43,0
1450421408,45,1
1450421504,27,0
1450421564,26,0
1450421649,26,0
1450421675,26,0
1450421679,34,0
1450421726,26,0
1450421902,34,0
1450421919,34,0
1450422252,12,0
1450422437,12,0
1450423955,35,0
1450423968,35,0
1450424639,35,0
1450424700,32,0
1450425128,37,0
1450425273,35,0
1450426642,34,0
1450427559,37,0
1450428639,32,0
1450431266,37,0
1450431610,37,0
1450434045,34,0
1450435171,27,0
1450436091,29,0
1450436167,29,0
1450436509,29,0
1450436804,29,0
1450437142,29,0
1450437696,29,0
1450438155,29,0
1450438268,29,0
1450438433,29,0
1450438714,29,0
1450439011,29,0
1450439310,27,0
1450439853,27,0
1450439894,27,0
1450439978,27,0
1450440163,27,0
1450440399,29,0
1450440526,29,0
1450440891,27,0
1450440978,27,0
1450441077,29,0
1450441163,27,0
1450441233,29,0
1450441668,29,0
1450441705,27,0
1450442002,27,0
1450442311,27,0
1450442320,27,0
1450442383,27,0
1450442567,27,0
1450442612,27,0
1450442717,27,0
1450442886,27,0
1450446032,29,0
1450449248,27,0
1450449267,27,0
1450450130,29,0
1450450562,29,0
1450451065,29,0
1450456432,18,0
1450456540,18,0
1450460172,22,0
1450460249,22,0
1450460447,6,0
1450460531,6,0
1450460598,6,0
1450460750,6,0
1450460848,6,0
1450462826,20,0
1450466997,16,0
1450466997,16,0
1450469456,43,0
1450470206,37,0
1450470222,7,0
1450471391,36,0
1450473887,37,0
1450473946,37,0
1450474110,26,0
1450474568,51,0
1450474718,36,0
1450475424,12,0
1450475807,37,0
1450476794,26,0
1450477046,11,0
1450477605,6,0
1450477696,14,0
1450477708,14,0
1450477726,14,0
1450477733,37,0
1450477745,14,0
1450477755,14,0
1450477765,14,0
1450477775,14,1
1450477781,14,0
1450477794,14,0
1450478026,14,0
1450478071,14,0
1450478269,14,0
1450478339,14,0
1450479086,38,0
1450480304,14,0
1450480543,40,0
1450482414,36,0
1450482787,36,0
1450482798,36,0
1450483451,38,0
1450483999,20,0
1450484090,36,0
1450484765,51,0
1450485792,51,0
1450485906,51,0
1450488795,22,0
1450488976,22,0
1450489376,8,0
1450489853,43,0
1450489874,43,0
1450489882,37,0
1450490377,20,0
1450491535,36,0
1450491548,36,0
1450494559,43,0
1450494610,35,0
1450494659,43,0
1450494677,43,0
1450494705,43,0
1450494828,40,0
1450494830,40,0
1450495055,40,0
1450495611,43,0
1450495644,43,1
1450495883,32,0
1450496141,35,0
1450496178,12,0
1450497327,26,0
1450497367,26,0
1450497492,26,0
1450497534,26,0
1450497622,26,0
1450498076,29,0
1450498161,29,0
1450498909,11,0
1450500246,36,0
1450500264,36,0
1450501038,32,0
1450501681,26,0
1450501721,26,0
1450501745,26,0
1450501783,26,0
1450501823,26,0
1450501842,26,0
1450501858,26,0
1450501973,26,0
1450501988,26,0
1450502066,26,0
1450502077,26,0
1450502122,26,0
1450502131,26,0
1450502325,26,0
1450502577,26,0
1450502672,26,0
1450502713,26,0
1450503252,43,0
1450503643,22,0
1450503762,22,0
1450504145,43,0
1450504743,12,0
1450505975,32,0
1450506898,12,0
1450508313,51,0
1450508668,12,0
1450508729,12,0
1450509540,37,0
1450509596,37,0
1450510115,20,0
1450510296,37,0
1450512351,29,0
1450512408,29,0
1450512517,22,0
1450515218,40,0
1450515349,40,0
1450515433,40,0
1450515817,29,0
1450515837,29,0
1450515883,29,0
1450516141,29,0
1450516482,29,0
1450516551,29,0
1450516674,29,0
1450516956,37,0
1450517415,29,0
1450518253,4,0
1450518622,29,0
1450519782,48,0
1450520755,29,0
1450520808,29,0
1450520908,51,0
1450521309,43,0
1450521610,43,0
1450522007,14,0
1450522120,14,0
1450522689,14,0
1450522707,14,0
1450522740,14,0
1450522921,14,0
1450523267,14,0
1450523414,14,0
1450523515,14,0
1450523899,43,0
1450526735,14,0
1450526754,14,0
1450526755,14,0
1450526757,14,0
1450526759,14,0
1450526764,14,0
1450526776,14,0
1450527019,20,0
1450527125,14,0
1450527675,14,0
1450527707,14,0
1450527775,14,0
1450527829,14,0
1450530019,27,0
1450530025,27,0
1450533370,27,0
1450533445,27,0
1450534543,26,0
1450534845,26,0
1450543722,32,0
1450549252,20,0
1450550435,32,0
1450550658,32,0
1450550692,32,0
1450551252,18,0
1450551329,18,0
1450551341,32,0
1450552839,43,0
1450553037,7,0
1450553561,23,0
1450553681,40,0
1450554090,22,0
1450554545,22,0
1450554724,22,0
1450555125,51,0
1450555257,22,0
1450558241,12,0
1450560532,22,0
1450560620,22,0
1450560664,20,0
1450561056,6,0
1450561308,20,0
1450561417,20,0
1450561517,20,0
1450561723,14,0
1450561741,14,0
1450561753,14,0
1450561878,43,0
1450562607,8,0
1450563225,26,0
1450563433,40,0
1450563602,22,0
1450563641,22,0
1450563691,22,0
1450563733,22,0
1450563808,22,0
1450563875,22,0
1450563945,22,0
1450563969,22,0
1450564039,22,0
1450564616,34,0
1450565264,43,0
1450565355,43,0
1450565495,23,0
1450566949,14,0
1450566969,43,0
1450566977,14,0
1450567000,14,0
1450567006,14,0
1450567013,14,0
1450567110,14,0
1450567163,14,0
1450567205,34,0
1450567209,50,0
1450567229,50,0
1450567287,51,0
1450567869,51,0
1450569555,22,0
1450569613,22,0
1450570189,40,0
1450570555,19,0
1450572017,32,0
1450573150,48,0
1450573529,32,0
1450576637,34,0
1450577047,48,1
1450577068,30,0
1450577158,32,0
1450577170,50,0
1450577400,37,0
1450577432,50,0
1450578478,32,0
1450579028,20,0
1450579353,12,0
1450579409,35,0
1450579631,35,0
1450580172,35,0
1450580435,34,0
1450584653,36,0
1450585081,22,0
1450585186,19,0
1450585195,37,0
1450585266,22,0
1450585275,19,0
1450585281,19,0
1450585332,19,0
1450585936,22,0
1450586378,22,0
1450586545,22,0
1450587692,27,0
1450587853,40,0
1450589760,29,0
1450589767,37,0
1450591272,29,0
1450591364,29,0
1450591484,29,0
1450591627,29,0
1450591751,29,0
1450592205,29,0
1450592527,14,0
1450592569,48,0
1450593546,29,0
1450595560,29,0
1450595627,29,0
1450595647,20,0
1450596336,29,0
1450596366,29,0
1450596900,40,0
1450596959,37,0
1450599377,37,0
1450599931,22,0
1450599945,22,0
1450599954,22,0
1450599963,22,0
1450600043,22,0
1450600053,22,0
1450600069,22,0
1450600124,22,0
1450600741,40,0
1450603667,32,0
1450604144,20,0
1450604902,29,0
1450604905,50,0
1450604972,50,0
1450605096,50,0
1450605204,29,0
1450605352,50,0
1450606016,20,0
1450606023,37,0
1450606321,50,0
1450607415,20,0
1450607550,29,0
1450608040,35,0
1450608095,35,0
1450608171,35,0
1450608458,20,0
1450608476,20,0
1450608898,20,0
1450609045,29,0
1450611476,29,0
1450615694,35,0
1450615755,35,0
1450616052,35,0
1450616055,34,0
1450616229,35,0
1450617528,34,0
1450617763,34,0
1450618487,34,0
1450618806,12,0
1450619784,34,0
1450619894,34,0
1450619922,34,0
1450620095,34,0
1450621256,12,0
1450621317,12,0
1450621563,12,0
1450624673,35,0
1450627179,35,0
1450630358,18,0
1450630508,18,0
1450633813,32,0
1450633874,32,0
1450635689,20,0
1450635912,22,0
1450636845,22,0
1450637294,22,0
1450637318,22,0
1450637415,6,0
1450637415,6,0
1450637641,22,0
1450638160,22,0
1450639028,22,0
1450639064,21,0
1450639132,22,0
1450640637,40,0
1450640670,40,0
1450640703,20,0
1450640771,40,0
1450641615,37,0
1450642618,50,0
1450642645,40,0
1450642731,23,0
1450642812,12,0
1450643001,12,0
1450643217,12,0
1450643293,12,0
1450643423,12,0
1450643493,50,0
1450643610,50,0
1450644848,12,0
1450644895,12,0
1450645180,45,0
1450645239,22,0
1450645280,22,0
1450645356,22,0
1450645442,22,0
1450645448,40,0
1450645531,22,0
1450645531,40,0
1450645606,40,0
1450645634,40,0
1450646017,22,0
1450646347,20,0
1450646440,22,0
1450646473,20,0
1450647356,20,0
1450647709,37,0
1450647796,22,0
1450647938,32,0
1450647955,37,0
1450648690,14,0
1450648869,14,0
1450648943,14,0
1450649070,35,0
1450649273,35,0
1450649530,37,0
1450649569,14,0
1450649613,14,0
1450649615,26,0
1450649617,20,0
1450649865,20,0
1450649888,34,0
1450650084,20,0
1450650092,20,0
1450650107,14,0
1450650163,35,0
1450650305,20,0
1450650341,50,0
1450650414,12,0
1450650439,40,0
1450650456,40,0
1450651716,35,0
1450652512,35,0
1450652688,35,0
1450652700,23,0
1450652899,14,0
1450653951,35,0
1450654155,22,0
1450654231,22,0
1450654296,22,0
1450654405,22,0
1450654871,50,0
1450654893,37,0
1450655047,37,0
1450655530,50,0
1450655595,37,0
1450656024,34,0
1450656891,23,0
1450657209,23,0
1450657221,23,0
1450657242,34,0
1450657263,34,0
1450657553,43,0
1450657957,23,0
1450658466,35,0
1450658548,37,0
1450658590,43,0
1450658831,37,0
1450661312,37,0
1450661610,40,0
1450661865,22,0
1450661947,22,0
1450661989,43,0
1450662018,22,0
1450662060,22,0
1450662127,22,0
1450662143,43,0
1450662186,22,0
1450662193,22,0
1450662302,22,0
1450662342,45,0
1450662664,11,0
1450663253,43,0
1450663265,11,0
1450663425,40,0
1450663512,40,0
1450663564,40,0
1450663689,40,0
1450663739,40,0
1450663835,40,0
1450663920,40,0
1450664128,40,0
1450664144,29,0
1450664524,40,0
1450664664,40,0
1450665171,37,0
1450666059,27,0
1450667551,34,0
1450667570,34,0
1450667958,43,0
1450668185,34,0
1450668286,43,0
1450669268,34,0
1450669326,37,0
1450669343,43,0
1450670561,1,0
1450671543,12,0
1450672360,29,0
1450672758,43,1
1450672786,43,0
1450673303,12,0
1450673336,12,0
1450673685,40,0
1450673723,40,0
1450673752,40,0
1450673767,40,0
1450674447,29,0
1450674985,40,0
1450675611,43,0
1450675756,37,0
1450676105,34,0
1450676342,34,0
1450676428,40,0
1450676465,40,0
1450676495,34,0
1450676909,34,0
1450677042,40,0
1450677604,27,0
1450677993,23,0
1450678021,43,0
1450678420,37,0
1450679438,37,0
1450679888,40,0
1450680444,27,0
1450680532,29,0
1450681123,43,0
1450681184,51,0
1450681359,12,0
1450681466,50,0
1450681505,50,0
1450681656,50,0
1450681668,51,0
1450682447,29,0
1450682933,37,0
1450683049,37,0
1450683068,37,0
1450683138,37,0
1450683187,37,0
1450683377,37,0
1450684942,36,0
1450685028,36,0
1450685037,36,0
1450686499,37,0
1450687090,29,0
1450687279,29,0
1450687498,4,0
1450687675,20,0
1450687703,20,0
1450688270,29,0
1450688284,29,0
1450688386,43,0
1450689764,20,0
1450691048,40,0
1450691393,34,0
1450691996,30,0
1450692275,43,0
1450693081,4,0
1450693140,34,0
1450694397,4,0
1450695070,34,0
1450695225,35,0
1450695638,35,0
1450696300,35,0
1450697473,51,0
1450697547,11,0
1450697677,40,0
1450698891,4,0
1450700397,29,0
1450703898,19,0
1450706316,29,0
1450706396,29,0
1450706500,29,0
1450710891,32,0
1450716402,20,0
1450717466,14,0
1450717863,14,0
1450719964,14,0
1450719966,14,0
1450720073,14,0
1450722079,20,0
1450723736,11,0
1450724046,18,0
1450724088,18,0
1450726369,43,0
1450728563,51,0
1450728910,23,0
1450729157,51,0
1450729693,51,0
1450729760,34,0
1450729774,34,0
1450729907,34,0
1450729945,34,0
1450731511,32,0
1450731683,32,0
1450731731,14,0
1450731747,14,0
1450731777,14,0
1450731845,14,0
1450732009,14,0
1450732064,14,0
1450732128,14,0
1450732190,14,0
1450732283,41,1
1450732283,41,1
1450732452,51,0
1450733588,32,0
1450733942,32,0
1450734385,34,0
1450734569,34,0
1450735039,34,0
1450735100,50,0
1450735730,50,0
1450735816,19,0
1450735884,50,0
1450735942,50,0
1450736025,26,0
1450736168,34,0
1450736320,40,0
1450736957,40,0
1450737410,34,0
1450737687,37,0
1450737708,37,0
1450737892,21,0
1450737936,21,0
1450738724,32,0
1450739004,37,0
1450739155,40,0
1450739241,40,0
1450739863,40,0
1450739888,40,0
1450741398,38,0
1450741429,32,0
1450741602,36,0
1450742911,38,0
1450745243,32,0
1450746532,32,0
1450746558,32,0
1450746590,32,0
1450746631,36,0
1450747037,20,0
1450747146,50,0
1450747187,50,0
1450747203,11,0
1450747239,50,0
1450747565,34,0
1450747617,32,0
1450748458,11,0
1450748608,32,0
1450750396,34,0
1450750925,32,0
1450751888,37,0
1450752623,27,0
1450753410,32,0
1450753604,50,0
1450753751,36,0
1450753910,27,0
1450754055,32,0
1450754100,27,0
1450754662,37,0
1450754873,50,0
1450754886,50,0
1450754897,50,0
1450754934,50,0
1450754953,50,0
1450755424,20,0
1450755510,20,0
1450756265,32,0
1450756334,51,0
1450756626,37,0
1450756977,14,0
1450756983,14,0
1450756984,14,0
1450757214,32,0
1450757299,32,0
1450757595,27,0
1450758824,14,0
1450758831,14,0
1450758831,14,0
1450758846,14,0
1450759017,35,0
1450759398,32,0
1450759826,32,0
1450760026,32,0
1450760646,20,0
1450761017,27,0
1450761236,50,0
1450761623,43,0
1450762489,27,0
1450762518,40,0
1450762745,27,0
1450763040,43,0
1450763435,12,0
1450763575,20,0
1450763601,12,0
1450763731,12,0
1450763763,12,0
1450764313,12,0
1450764770,40,0
1450765325,40,0
1450765377,36,0
1450765693,36,0
1450766011,43,0
1450766038,50,0
1450766050,40,0
1450766163,40,0
1450766211,36,0
1450766212,40,0
1450766229,40,0
1450766582,29,0
1450766837,29,0
1450767212,29,0
1450767236,43,0
1450767747,29,0
1450767907,32,0
1450768395,4,0
1450768631,40,0
1450768869,20,0
1450768904,20,0
1450768967,36,0
1450769561,50,0
1450769628,50,0
1450770074,20,0
1450770092,35,0
1450770203,20,0
1450770481,20,0
1450770884,35,0
1450770962,29,0
1450772599,27,0
1450773072,11,0
1450773544,40,0
1450773835,34,0
1450774306,34,0
1450774422,36,0
1450774483,37,0
1450774535,26,0
1450774607,26,0
1450774618,26,0
1450774656,26,0
1450775051,19,0
1450775486,19,0
1450776650,26,0
1450776657,44,1
1450776657,44,1
1450776977,26,0
1450777103,29,0
1450777303,26,0
1450777441,26,0
1450777467,26,0
1450777489,26,0
1450777720,37,0
1450777974,40,0
1450777992,40,0
1450778260,26,0
1450778713,26,0
1450778884,29,0
1450778944,26,0
1450779231,26,0
1450779702,37,0
1450779791,37,0
1450779967,14,0
1450780493,37,0
1450780850,29,0
1450781992,14,0
1450782003,14,0
1450782024,14,0
1450782726,29,0
1450782759,29,0
1450782918,14,0
1450787770,14,0
1450788089,14,0
1450788103,14,0
1450789527,32,0
1450789702,32,0
1450790344,11,0
1450790364,36,0
1450790418,36,0
1450790758,32,0
1450791946,36,0
1450792195,36,0
1450793761,36,0
1450794291,32,0
1450794339,32,0
1450796618,36,0
1450799995,34,0
1450803271,32,0
1450803679,12,0
1450804511,12,0
1450804793,12,0
1450805257,32,0
1450806788,35,0
1450808368,35,0
1450808494,20,0
1450809142,32,0
1450811175,32,0
1450811382,18,0
1450811409,34,0
1450812116,32,0
1450812192,22,0
1450813034,22,0
1450813469,22,0
1450813593,22,0
1450816559,40,0
1450816659,40,0
1450816886,40,0
1450817235,12,0
1450818227,40,0
1450818941,37,0
1450819485,12,0
1450819517,40,0
1450819562,40,0
1450819702,40,0
1450820004,32,0
1450820056,32,0
1450820332,38,0
1450820445,12,0
1450820447,12,0
1450820639,38,0
1450822434,26,0
1450822851,22,0
1450823082,34,0
1450823101,34,0
1450823143,34,0
1450825065,12,0
1450825128,12,0
1450827121,50,0
1450827126,50,0
1450827203,50,0
1450827788,51,0
1450827807,22,0
1450827819,51,0
1450827835,51,0
1450827880,22,0
1450828086,22,0
1450828149,22,0
1450830402,51,0
1450830440,51,0
1450830669,51,0
1450830737,38,0
1450830752,51,0
1450830778,19,0
1450831252,38,0
1450831555,20,0
1450831654,20,0
1450831882,20,0
1450832623,12,0
1450832690,12,0
1450833092,12,0
1450833256,12,0
1450833531,8,0
1450833980,38,0
1450834305,38,0
1450834358,19,0
1450834707,14,0
1450834806,14,0
1450834811,14,0
1450834819,14,0
1450834829,14,0
1450834839,14,0
1450834847,14,0
1450834872,14,0
1450834895,14,0
1450834936,14,0
1450834983,14,0
1450836485,36,0
1450836565,32,0
1450837965,19,0
1450838015,14,0
1450838027,14,0
1450838696,19,0
1450838712,19,0
1450838794,32,0
1450838858,19,0
1450839235,22,0
1450839266,32,0
1450839635,32,0
1450839826,22,0
1450840238,20,0
1450840351,20,0
1450840581,43,0
1450840713,43,0
1450841137,14,0
1450841183,14,0
1450841192,14,0
1450841209,27,0
1450841247,14,0
1450841387,27,0
1450841713,20,0
1450841722,20,0
1450841735,20,0
1450842091,38,0
1450842184,50,0
1450842199,50,0
1450842246,50,0
1450842360,38,0
1450842469,50,0
1450842501,50,0
1450842550,50,0
1450842572,38,0
1450842612,50,0
1450843143,51,0
1450843170,51,0
1450843321,37,0
1450843791,50,0
1450844258,19,0
1450845830,12,0
1450845922,12,0
1450845932,12,0
1450845987,12,0
1450846202,36,0
1450846920,11,0
1450847256,27,0
1450847619,50,0
1450847637,11,0
1450847703,50,0
1450847916,11,0
1450847937,50,0
1450847996,11,0
1450848043,11,0
1450848091,11,0
1450848812,8,0
1450849516,32,0
1450851323,34,0
1450851552,36,0
1450851699,45,0
1450852610,36,0
1450853164,36,0
1450853612,20,0
1450854465,27,0
1450854487,27,0
1450854655,37,0
1450854698,37,0
1450855132,12,0
1450855259,22,0
1450855372,22,0
1450855427,22,0
1450855464,22,0
1450855519,22,0
1450856472,20,0
1450857038,20,0
1450857147,32,0
1450857343,50,0
1450857426,50,0
1450857508,50,0
1450857619,50,0
1450858061,50,0
1450858114,50,0
1450858331,50,0
1450858504,50,0
1450858544,32,0
1450858963,20,0
1450858998,50,0
1450859043,50,0
1450859100,50,0
1450859533,20,0
1450859540,20,0
1450859563,20,0
1450861556,29,0
1450861806,29,0
1450861972,7,0
1450862071,7,0
1450862408,14,0
1450862444,14,0
1450862693,20,0
1450862815,29,0
1450865436,7,0
1450867992,35,0
1450868035,35,0
1450869408,37,0
1450869412,37,0
1450870346,37,0
1450871332,14,0
1450871415,14,0
1450871776,11,0
1450871813,11,0
1450872274,11,0
1450872468,51,0
1450881055,32,0
1450890676,12,0
1450891610,32,0
1450892645,32,0
1450892758,35,0
1450894886,20,0
1450894894,32,0
1450896091,32,0
1450896519,32,0
1450896568,50,0
1450896969,32,0
1450897013,32,0
1450897278,32,0
1450897623,43,0
1450897993,32,0
1450899197,32,0
1450899297,18,0
1450899598,32,0
1450901204,50,0
1450902351,19,0
1450902360,19,0
1450902411,50,0
1450902451,19,0
1450902977,50,0
1450903826,50,0
1450905020,7,0
1450905057,51,0
1450905233,51,0
1450905257,51,0
1450907009,20,0
1450907852,12,0
1450907952,43,0
1450908441,37,0
1450908661,37,0
1450908834,26,0
1450909450,37,0
1450909581,45,0
1450911080,32,0
1450911141,32,0
1450911326,8,0
1450912920,37,0
1450912941,27,0
1450913043,20,0
1450913052,27,0
1450914039,14,0
1450914105,14,0
1450914126,14,0
1450914220,32,0
1450914240,32,0
1450914321,32,0
1450914329,32,0
1450914525,32,0
1450914637,14,0
1450914654,14,0
1450914939,32,0
1450914979,32,0
1450915021,32,0
1450915087,32,0
1450915137,32,0
1450915671,32,0
1450916279,9,0
1450916292,9,0
1450916350,32,0
1450916442,32,0
1450916499,32,0
1450916553,32,0
1450916876,37,0
1450916906,9,0
1450916906,9,0
1450916906,50,0
1450916995,50,0
1450917067,8,0
1450917428,32,0
1450917451,50,0
1450917806,37,0
1450917908,37,0
1450918540,37,0
1450919502,32,0
1450920352,43,0
1450920388,32,0
1450920415,32,0
1450920505,32,0
1450920897,43,0
1450920993,32,0
1450921000,32,0
1450921028,32,0
1450921295,32,0
1450922875,21,0
1450922898,21,0
1450923039,21,0
1450923150,32,0
1450923157,32,0
1450923186,21,0
1450923508,22,0
1450923527,21,0
1450923553,21,0
1450923707,21,0
1450923809,32,0
1450923907,32,0
1450923949,19,0
1450923985,19,0
1450924067,21,0
1450925206,32,0
1450925269,32,0
1450925625,32,0
1450925987,32,0
1450926331,32,0
1450926841,14,0
1450927046,37,0
1450927108,14,0
1450929262,32,0
1450929318,45,0
1450929561,11,0
1450930096,32,0
1450930124,32,0
1450930448,32,0
1450930722,32,0
1450930973,32,0
1450931030,50,0
1450931585,32,0
1450931651,32,0
1450931774,32,0
1450932138,8,0
1450932166,14,0
1450932274,50,0
1450932278,50,0
1450932485,50,0
1450932558,50,0
1450932568,36,0
1450932990,32,0
1450933018,32,0
1450934804,12,0
1450935042,32,0
1450935399,35,0
1450935461,32,0
1450936067,51,0
1450936114,51,0
1450936305,20,0
1450936456,20,0
1450936596,29,0
1450936824,32,0
1450937104,32,0
1450937139,12,0
1450937158,32,0
1450937209,12,0
1450937262,36,0
1450937522,20,0
1450937545,37,0
1450937681,20,0
1450937697,20,0
1450937710,32,0
1450937804,12,0
1450938355,32,0
1450938462,1,0
1450938462,1,0
1450938765,36,0
1450938916,37,0
1450939204,43,0
1450940238,8,0
1450940282,36,0
1450940928,32,0
1450941108,22,0
1450941180,12,0
1450941196,22,0
1450941289,22,0
1450941809,14,0
1450941928,14,0
1450942575,47,0
1450942577,47,0
1450942938,11,0
1450942943,11,0
1450942952,11,0
1450943004,47,1
1450943005,47,1
1450943015,47,0
1450943020,47,0
1450943022,47,0
1450943026,47,0
1450943029,47,0
1450943043,47,0
1450943056,47,0
1450943070,47,0
1450943072,47,0
1450943173,47,0
1450944304,36,0
1450944812,36,0
1450946803,32,0
1450947385,8,0
1450947543,22,0
1450947559,22,0
1450947623,22,0
1450947668,22,0
1450947694,22,0
1450948110,32,0
1450948608,30,0
1450949453,32,0
1450949455,29,0
1450949625,32,0
1450949999,50,0
1450950147,51,0
1450951667,48,1
1450951667,48,1
1450951681,51,0
1450952316,37,0
1450952562,51,0
1450953054,12,0
1450953950,37,0
1450953962,37,0
1450954010,37,0
1450954167,37,0
1450954264,37,0
1450954433,37,0
1450954486,4,0
1450955730,29,0
1450956989,47,0
1450957746,19,0
1450958600,11,0
1450958805,47,0
1450958809,47,0
1450958819,47,0
1450959091,47,0
1450959093,47,0
1450959164,47,0
1450959174,47,0
1450959176,47,0
1450959194,47,0
1450959196,47,0
1450959205,47,0
1450959208,47,0
1450959210,47,0
1450960659,20,0
1450966412,29,0
1450978049,47,0
1450978054,47,0
1450978074,47,0
1450978082,47,0
1450978202,47,0
1450978207,47,0
1450978213,47,0
1450978229,47,0
1450978760,47,0
1450978774,47,0
1450978789,47,0
1450978801,47,0
1450978879,47,0
1450978890,47,0
1450979948,34,0
1450981341,20,0
1450983130,12,0
1450983335,12,0
1450985183,18,0
1450985615,22,0
1450985978,22,0
1450986184,22,0
1450986358,22,0
1450986438,22,0
1450986623,32,0
1450986687,22,0
1450986898,22,0
1450987006,22,0
1450987070,32,0
1450987203,43,0
1450987410,34,0
1450987514,22,0
1450987544,22,0
1450987655,22,0
1450987686,22,0
1450988471,22,0
1450988580,22,0
1450988667,22,0
1450988687,22,0
1450989420,20,0
1450989488,20,0
1450990041,11,0
1450990323,12,0
1450990358,43,0
1450990945,20,0
1450990957,20,0
1450991063,20,0
1450991138,20,0
1450991155,34,0
1450991159,20,0
1450991326,20,0
1450991473,21,0
1450991480,21,0
1450991496,21,0
1450991645,21,0
1450992017,34,0
1450992207,34,0
1450992379,20,0
1450993880,22,0
1450994001,22,0
1450994034,22,0
1450994130,47,0
1450994346,37,0
1450994383,22,0
1450994406,22,0
1450994625,34,0
1450994687,22,0
1450994826,19,0
1450994831,22,0
1450994909,51,0
1450994917,51,0
1450994927,22,0
1450994938,27,0
1450995074,22,0
1450995102,34,0
1450995280,26,0
1450995468,34,0
1450995658,20,0
1450995910,34,0
1450996300,19,0
1450996657,34,0
1450996689,34,0
1450997359,19,0
1450997581,37,0
1450998618,14,0
1450998658,14,0
1450998685,14,0
1450998715,14,0
1451000291,22,0
1451000720,20,0
1451001198,47,0
1451002510,32,0
1451003274,20,0
1451003347,29,0
1451003857,51,0
1451003917,51,0
1451003949,22,0
1451003957,22,0
1451004223,22,0
1451004387,22,0
1451004465,22,0
1451004864,32,0
1451004874,22,0
1451004923,12,0
1451004946,22,0
1451005173,22,0
1451006074,23,0
1451006101,23,0
1451006195,30,0
1451006431,23,0
1451006599,23,0
1451006746,40,0
1451006889,43,0
1451007379,12,0
1451008193,32,0
1451008249,40,0
1451008880,32,0
1451008950,11,0
1451008971,11,0
1451009434,20,0
1451010395,50,0
1451011431,32,0
1451012755,19,0
1451012845,32,0
1451012871,32,0
1451013002,36,0
1451013160,37,0
1451013284,51,0
1451013302,32,0
1451013452,47,0
1451013452,47,0
1451013496,40,0
1451013504,40,0
1451013504,40,0
1451013506,23,0
1451013868,23,0
1451013868,23,0
1451013893,29,0
1451013988,12,0
1451013998,12,0
1451014170,12,0
1451014173,12,0
1451014398,12,0
1451014474,32,0
1451015007,12,0
1451015021,12,0
1451015039,37,0
1451015108,12,0
1451015114,12,0
1451015853,50,0
1451016987,37,0
1451017480,35,0
1451017655,22,0
1451017743,22,0
1451017894,22,0
1451018083,22,0
1451018095,22,0
1451018156,22,0
1451019514,45,0
1451020828,32,0
1451021197,37,0
1451022219,36,0
1451022230,51,0
1451022275,51,0
1451022419,51,0
1451022471,51,0
1451022826,22,0
1451022906,22,0
1451022967,22,0
1451023188,50,0
1451023352,12,0
1451023354,12,0
1451023509,37,0
1451023550,37,0
1451023615,12,0
1451024176,22,0
1451024326,50,0
1451024452,14,0
1451024571,14,0
1451024599,22,0
1451024602,14,0
1451024605,14,0
1451024609,14,0
1451024614,14,0
1451024618,21,0
1451024630,14,0
1451024634,22,0
1451024654,14,0
1451024664,20,0
1451024707,14,0
1451024773,14,0
1451024835,14,0
1451024929,20,0
1451024950,20,0
1451024978,22,0
1451025120,43,0
1451025180,20,0
1451025194,20,0
1451025350,32,0
1451025398,20,0
1451025410,20,0
1451025453,20,0
1451025493,20,0
1451026237,20,0
1451026556,12,0
1451026808,12,0
1451027077,21,0
1451027547,50,0
1451027590,50,0
1451027856,45,0
1451027864,43,0
1451028261,12,0
1451028285,47,0
1451028343,12,0
1451028402,12,0
1451028520,12,0
1451028683,14,0
1451029091,30,0
1451029527,50,0
1451030255,47,0
1451030837,21,0
1451031036,50,0
1451031531,32,0
1451032920,11,0
1451033004,11,0
1451033613,14,0
1451033928,4,0
1451033928,4,0
1451033999,50,0
1451034857,45,0
1451035959,22,0
1451037023,29,0
1451037430,29,0
1451037517,22,0
1451037746,29,0
1451037862,30,0
1451038656,22,0
1451038786,30,0
1451039127,29,0
1451039572,35,0
1451039903,14,0
1451040402,20,0
1451041018,29,0
1451041143,37,0
1451043933,51,0
1451044233,22,0
1451044245,51,0
1451044393,22,0
1451044600,51,0
1451044609,51,0
1451044760,22,0
1451044808,22,0
1451044874,22,0
1451044983,22,0
1451045026,22,0
1451045115,22,0
1451045443,22,0
1451045502,22,0
1451045512,22,0
1451046388,35,0
1451046842,35,0
1451047087,34,0
1451051114,35,0
1451051164,35,0
1451051200,35,0
1451051487,35,0
1451051993,35,0
1451052095,35,0
1451056567,11,0
1451056567,11,0
1451056843,36,0
1451056843,36,0
1451067727,20,0
1451067920,22,0
1451068063,22,0
1451068235,22,0
1451068266,22,0
1451068461,22,0
1451068507,22,0
1451068917,22,0
1451068967,38,0
1451069139,18,0
1451069598,32,0
1451070154,22,0
1451070938,22,0
1451071048,22,0
1451071220,22,0
1451073409,32,0
1451073923,34,0
1451073951,7,0
1451073951,7,0
1451074513,34,0
1451074544,32,0
1451074671,32,0
1451074717,32,0
1451075154,12,0
1451075357,18,0
1451075357,18,0
1451075620,32,0
1451076439,20,0
1451076458,20,0
1451077018,47,0
1451077041,47,0
1451078666,38,0
1451079338,14,0
1451079352,14,0
1451079368,14,0
1451079376,14,0
1451079456,14,0
1451079656,38,0
1451079656,38,0
1451079792,50,0
1451079886,37,0
1451079898,50,0
1451080065,50,0
1451080070,50,0
1451080146,50,0
1451080241,37,0
1451080391,37,0
1451081183,34,0
1451081390,32,0
1451081583,32,0
1451081648,26,0
1451082262,32,0
1451084542,47,0
1451084706,43,0
1451084807,26,0
1451085454,37,0
1451085752,47,0
1451085754,47,0
1451085762,47,0
1451085769,47,0
1451085779,47,0
1451085785,47,0
1451085796,47,0
1451085810,47,0
1451085930,27,0
1451085930,27,0
1451086952,51,0
1451087252,37,0
1451087460,47,0
1451087989,20,0
1451088635,34,0
1451088635,34,0
1451089350,47,0
1451089355,47,0
1451089383,47,0
1451089384,47,0
1451089961,47,0
1451090898,19,0
1451090898,19,0
1451093207,37,0
1451093289,37,0
1451094065,37,0
1451096369,50,0
1451098221,8,0
1451098221,8,0
1451099096,37,0
1451100073,32,0
1451100483,32,0
1451101631,37,0
1451101653,32,0
1451101733,50,0
1451101770,50,0
1451101883,50,0
1451102018,35,0
1451102069,37,0
1451102069,37,0
1451102958,47,0
1451103746,50,0
1451103746,50,0
1451104008,47,0
1451104013,47,0
1451104023,47,0
1451104026,47,0
1451104029,47,0
1451104031,47,0
1451104044,47,0
1451104066,47,0
1451104167,47,0
1451104171,47,0
1451104174,47,0
1451104181,47,0
1451104187,47,0
1451104203,47,0
1451104206,47,0
1451104218,47,0
1451104229,47,0
1451104255,47,0
1451104258,47,0
1451104298,47,0
1451104637,47,0
1451104639,47,0
1451104646,47,0
1451104681,47,0
1451104691,47,0
1451104710,47,0
1451104730,47,0
1451106340,20,0
1451107234,26,0
1451107749,35,0
1451107795,26,0
1451107902,35,0
1451107980,45,0
1451107980,45,0
1451108021,26,0
1451108064,26,0
1451108223,32,0
1451108399,26,0
1451108669,26,0
1451109243,29,0
1451109243,29,0
1451109668,35,0
1451109668,35,0
1451110061,14,0
1451110124,14,0
1451110363,12,0
1451110661,14,0
1451110673,14,0
1451111299,26,0
1451111299,26,0
1451111423,47,0
1451111434,47,0
1451111438,47,0
1451111447,47,0
1451114352,47,0
1451114358,47,0
1451114360,47,0
1451114390,47,0
1451114405,47,0
1451114411,47,0
1451114589,47,0
1451114594,47,0
1451114596,47,0
1451114602,47,0
1451114655,47,0
1451114711,47,0
1451114761,47,0
1451114770,47,0
1451114780,43,0
1451114819,47,0
1451114847,47,0
1451114855,47,0
1451114869,47,0
1451115074,47,0
1451115092,47,0
1451115130,30,0
1451115137,30,0
1451115141,30,0
1451115147,30,0
1451115151,30,0
1451115375,47,0
1451115414,47,0
1451115417,47,0
1451115427,47,0
1451115833,47,0
1451116000,47,0
1451116687,22,0
1451116767,22,0
1451117035,22,0
1451117177,43,0
1451117436,43,0
1451117436,43,0
1451118702,32,0
1451118722,32,0
1451118722,32,0
1451119306,14,0
1451119306,14,0
1451119988,12,0
1451120125,12,0
1451120125,12,0
1451120421,47,0
1451120421,47,0
1451120442,30,0
1451120458,30,0
1451121222,20,0
1451121399,20,0
1451121432,20,0
1451121432,20,0
1451121699,22,0
1451121866,21,0
1451121866,21,0
1451121974,22,0
1451122039,22,0
1451122080,30,0
1451122080,30,0
1451122130,22,0
1451122189,22,0
1451122443,22,0
1451122443,22,0
1451123019,51,0
1451123019,51,0
