1455444908,5,0
1455445120,45,0
1455445368,45,0
1455445442,45,0
1455445506,45,0
1455445652,45,0
1455446343,45,0
1455446679,49,0
1455446989,45,0
1455447066,45,0
1455447088,45,0
1455447684,42,0
1455447686,42,0
1455452091,42,0
1455452141,42,0
1455453355,38,0
1455454568,42,0
1455456151,42,1
1455456746,10,0
1455457436,43,0
1455457504,43,0
1455461167,10,0
1455463552,2,0
1455466463,2,0
1455466469,2,0
1455467428,26,0
1455468243,2,0
1455468563,2,0
1455468939,2,0
1455469401,2,0
1455470525,2,0
1455471327,2,0
1455471335,2,0
1455474594,43,0
1455476296,45,0
1455477496,2,0
1455477509,2,0
1455478101,45,0
1455478240,45,0
1455478290,45,0
1455478527,2,0
1455478750,45,0
1455478958,45,0
1455479089,45,0
1455479136,45,0
1455479145,45,0
1455479169,45,0
1455479542,48,0
1455480059,2,0
1455481255,2,0
1455482994,2,0
1455483160,45,0
1455483550,45,0
1455483635,45,0
1455483910,2,0
1455483960,2,0
1455484977,49,0
1455486002,18,0
1455486192,45,0
1455486434,45,0
1455486758,45,0
1455486762,45,0
1455487203,45,0
1455487959,2,0
1455488566,2,0
1455489636,12,0
1455490123,5,0
1455491217,1,0
1455491343,26,0
1455492474,2,0
1455492684,2,0
1455493001,2,0
1455493023,45,0
1455493475,18,0
1455494350,45,0
1455494399,42,0
1455494423,45,0
1455494434,42,0
1455494776,42,0
1455494935,38,0
1455495272,42,0
1455495289,42,0
1455496226,42,0
1455496994,42,0
1455497750,45,0
1455498217,45,0
1455499202,37,0
1455500582,48,0
1455502040,43,0
1455502183,2,0
1455502204,2,0
1455502219,2,0
1455502242,2,0
1455502464,2,0
1455502468,18,0
1455502952,49,0
1455502972,2,0
1455503042,8,0
1455503239,8,0
1455503699,2,0
1455503706,2,0
1455503720,2,0
1455504388,2,0
1455504672,43,0
1455505472,45,0
1455505739,45,0
1455505864,2,0
1455506763,45,0
1455506804,45,0
1455508335,45,0
1455509231,42,0
1455510561,42,0
1455513882,45,0
1455513966,45,0
1455516303,42,0
1455516416,18,0
1455516768,42,0
1455517047,42,0
1455517153,26,0
1455517267,42,0
1455517340,42,0
1455517436,42,0
1455517554,42,0
1455518043,42,0
1455518851,26,0
1455518854,42,0
1455519341,42,0
1455519403,38,0
1455519456,42,0
1455519531,38,0
1455519553,42,0
1455519668,42,0
1455519877,42,0
1455520092,42,0
1455520697,26,0
1455520791,42,0
1455521068,42,0
1455521125,42,0
1455521301,42,0
1455522301,42,0
1455522348,42,0
1455522464,42,0
1455522485,42,0
1455522595,42,0
1455522743,42,0
1455522906,42,0
1455522938,12,0
1455522948,42,0
1455522975,12,0
1455523038,12,0
1455523059,42,0
1455523236,42,0
1455531046,47,0
1455532039,5,0
1455535786,10,0
1455536968,48,0
1455538081,45,0
1455538208,2,0
1455544773,26,0
1455545038,45,0
1455545057,45,0
1455545077,45,0
1455545225,45,0
1455547682,43,0
1455548159,37,0
1455548329,42,0
1455548395,42,0
1455548437,42,0
1455548792,42,0
1455556767,45,0
1455556800,45,0
1455556825,45,0
1455556895,45,0
1455556937,45,0
1455557121,45,0
1455557446,37,0
1455557463,45,0
1455557663,45,0
1455557783,45,0
1455557839,45,0
1455557893,45,0
1455558339,45,0
1455560358,45,0
1455560899,45,0
1455560963,45,0
1455561008,45,0
1455561068,45,0
1455561354,45,0
1455561409,45,0
1455561537,45,0
1455561617,45,0
1455561769,45,0
1455561775,45,0
1455561817,45,0
1455561864,45,0
1455562788,45,0
1455563074,45,0
1455566433,10,0
1455568484,2,0
1455569158,10,0
1455569379,45,0
1455569772,45,0
1455569803,45,0
1455569844,45,0
1455569974,45,0
1455571133,18,0
1455571183,2,0
1455571191,18,0
1455571238,18,0
1455571553,18,0
1455572549,47,0
1455574633,42,0
1455576453,26,0
1455576502,5,0
1455576762,2,0
1455576819,2,0
1455577395,48,0
1455577927,38,0
1455578648,26,0
1455578903,49,0
1455580605,26,0
1455580674,26,0
1455581887,12,0
1455582053,2,0
1455582688,12,0
1455582976,2,0
1455583461,12,0
1455583663,12,0
1455583848,12,0
1455584709,2,0
1455585132,26,0
1455585250,2,0
1455585255,2,0
1455585292,26,0
1455585506,2,0
1455586732,26,0
1455587008,49,0
1455590581,42,0
1455590932,37,0
1455591091,45,0
1455591228,45,0
1455591298,45,0
1455591926,45,0
1455593062,5,0
1455595242,42,0
1455595378,26,0
1455595441,49,0
1455595723,42,0
1455596163,48,0
1455597202,42,0
1455597275,42,0
1455597288,42,0
1455597532,45,0
1455598696,26,0
1455599556,45,0
1455599847,26,0
1455600068,38,0
1455603643,42,0
1455604282,42,0
1455604670,42,0
1455604758,47,0
1455605015,42,0
1455605074,47,0
1455605241,42,0
1455605753,42,0
1455605851,26,0
1455605863,42,0
1455605921,42,0
1455606206,42,0
1455606286,42,0
1455606393,42,0
1455606518,47,0
1455606659,42,0
1455606786,42,0
1455608041,45,0
1455609797,42,0
1455615900,16,0
1455616127,16,0
1455616458,16,0
1455616487,16,0
1455616921,16,0
1455616991,16,0
1455617068,16,0
1455617076,16,0
1455617156,16,0
1455617190,16,0
1455617731,16,0
1455617794,16,0
1455617859,18,0
1455618568,38,0
1455618911,49,0
1455619065,5,0
1455619944,42,0
1455619946,42,0
1455620060,42,0
1455621178,42,0
1455621274,26,0
1455622408,38,0
1455623299,26,0
1455623824,42,0
1455624237,42,0
1455624320,42,0
1455624339,2,0
1455626015,26,0
1455632421,18,0
1455632514,45,0
1455633226,45,0
1455633948,26,0
1455635242,18,0
1455636159,26,0
1455637329,37,0
1455638074,45,0
1455638227,45,0
1455638255,45,0
1455638551,45,0
1455639309,45,0
1455640990,18,0
1455641349,26,0
1455642160,18,0
1455642218,18,0
1455643083,18,0
1455645177,26,0
1455646738,5,0
1455647567,42,0
1455647611,43,0
1455650134,37,0
1455650194,37,0
1455651015,37,0
1455653164,26,0
1455654322,38,0
1455654886,26,0
1455654999,26,0
1455655385,2,0
1455655415,38,0
1455655536,2,0
1455656682,18,0
1455656745,10,0
1455657280,2,0
1455657772,26,0
1455658809,42,0
1455661710,26,0
1455662928,49,0
1455663188,12,0
1455663269,49,0
1455663298,12,0
1455663625,12,0
1455664757,42,0
1455665382,43,0
1455666897,26,0
1455667674,47,0
1455668154,2,0
1455668208,2,0
1455668229,2,0
1455668262,2,0
1455668330,26,0
1455668391,2,0
1455668409,2,0
1455668470,2,0
1455668480,2,0
1455668800,2,0
1455670823,26,0
1455671218,37,0
1455671227,37,0
1455672183,45,0
1455672801,2,0
1455672929,2,0
1455673746,10,0
1455674476,43,0
1455674630,8,0
1455674901,48,0
1455675011,26,0
1455675070,43,0
1455675154,45,0
1455675774,2,0
1455675996,45,0
1455676145,45,0
1455676160,2,0
1455676196,45,0
1455678082,43,0
1455678525,1,0
1455679508,45,0
1455681236,10,0
1455681696,45,0
1455683211,5,0
1455684327,26,0
1455685143,10,0
1455687611,42,0
1455687638,45,0
1455688217,26,0
1455690032,48,0
1455691663,26,0
1455692411,26,0
1455696785,47,0
1455698744,26,0
1455700449,26,0
1455703106,42,0
1455704254,26,0
1455704381,42,0
1455706805,37,0
1455706969,37,0
1455707131,37,0
1455708911,37,0
1455712538,26,0
1455713985,10,0
1455715108,5,0
1455718650,18,0
1455721227,8,0
1455724337,37,0
1455726599,8,0
1455727845,48,0
1455728850,37,0
1455731052,37,0
1455734451,37,0
1455736422,49,0
1455736480,2,0
1455736567,2,0
1455739662,2,0
1455740116,37,0
1455742432,2,0
1455742526,2,0
1455745019,2,0
1455745657,26,0
1455746365,45,0
1455746441,45,0
1455747748,5,0
1455748398,47,0
1455748847,47,0
1455748981,47,0
1455749020,47,0
1455749077,26,0
1455749210,47,0
1455749213,47,0
1455749609,47,0
1455749614,47,0
1455749915,47,0
1455749989,48,0
1455751731,47,0
1455751740,47,0
1455753240,47,0
1455754647,37,0
1455756330,43,0
1455756455,1,0
1455757457,10,0
1455757615,42,0
1455757717,42,0
1455757870,45,0
1455758958,45,0
1455758960,45,0
1455759567,5,0
1455759788,45,0
1455759921,45,0
1455760783,47,0
1455761026,47,0
1455762179,43,0
1455762371,42,0
1455762677,47,0
1455763183,47,0
1455763266,47,0
1455763346,47,0
1455764079,26,0
1455765619,45,0
1455765621,45,0
1455765939,10,0
1455768570,45,0
1455768573,45,0
1455768573,45,0
1455770952,26,0
1455771780,26,0
1455771810,26,0
1455773741,26,0
1455774154,26,0
1455775345,12,0
1455775588,36,0
1455775680,12,0
1455775870,12,0
1455776026,12,0
1455776187,12,0
1455776223,26,0
1455776252,12,0
1455776452,42,0
1455776804,42,0
1455776810,12,0
1455778620,26,0
1455779969,42,0
1455780134,42,0
1455781251,42,0
1455787441,26,0
1455788698,26,0
1455795994,26,0
1455796370,2,0
1455796404,2,0
1455797231,18,0
1455798011,10,0
1455801660,38,0
1455803402,43,0
1455804490,45,0
1455805078,45,0
1455805482,45,0
1455806212,45,0
1455806299,45,0
1455807313,26,0
1455809298,48,0
1455810888,5,0
1455811811,45,0
1455812033,37,0
1455812048,45,0
1455812123,45,0
1455812139,45,0
1455812141,45,0
1455812182,45,0
1455812183,45,0
1455816878,2,0
1455816919,2,0
1455819160,18,0
1455819505,18,0
1455820273,2,0
1455820335,2,0
1455821523,26,0
1455821744,5,0
1455823300,2,0
1455826035,18,0
1455826463,42,0
1455826973,26,0
1455828015,47,0
1455828503,18,0
1455828661,18,0
1455829899,2,0
1455829931,45,0
1455829931,45,0
1455829932,45,0
1455829932,45,0
1455829933,45,0
1455831580,49,0
1455834123,37,0
1455834284,26,0
1455834384,2,0
1455834508,47,0
1455835344,37,0
1455837913,2,0
1455839551,2,0
1455840276,42,0
1455840392,42,0
1455840634,42,0
1455841001,42,0
1455841860,42,0
1455842635,37,0
1455842823,26,0
1455843801,37,0
1455844276,38,0
1455845174,47,0
1455845336,42,0
1455845570,49,0
1455845972,5,0
1455846711,45,0
1455846718,45,0
1455846722,45,0
1455846957,37,0
1455847467,45,0
1455847863,37,0
1455847884,37,0
1455848148,37,0
1455848173,37,0
1455848314,2,0
1455848572,45,0
1455849447,48,0
1455849464,5,0
1455849515,45,0
1455849854,2,0
1455851805,48,0
1455852084,42,0
1455853826,42,0
1455853827,42,0
1455854336,43,0
1455854384,26,0
1455854492,45,0
1455854507,45,0
1455855153,45,0
1455858822,45,0
1455858864,45,0
1455859209,45,0
1455859782,45,0
1455859787,45,0
1455859789,45,0
1455859908,45,0
1455860464,45,0
1455860863,26,0
1455861392,45,0
1455861819,45,0
1455861845,45,0
1455861860,45,0
1455861944,45,0
1455861959,45,0
1455862105,45,0
1455862106,45,0
1455862153,45,0
1455862449,49,0
1455862699,48,0
1455862715,45,0
1455862733,45,0
1455862745,45,0
1455863300,45,0
1455863715,45,0
1455863991,45,0
1455864206,45,0
1455864233,45,0
1455864251,45,0
1455864255,38,0
1455864267,45,0
1455864279,45,0
1455864306,45,0
1455864335,45,0
1455865530,47,0
1455866080,45,0
1455868856,26,0
1455871240,47,0
1455872099,26,0
1455874363,42,0
1455874625,42,0
1455874710,42,0
1455875210,42,0
1455878551,48,0
1455878853,18,0
1455879373,18,0
1455882509,42,0
1455882803,42,0
1455882839,26,0
1455883081,42,0
1455883517,42,0
1455884633,38,0
1455886692,2,0
1455886732,36,0
1455891420,26,0
1455891940,18,0
1455891960,18,0
1455892255,45,0
1455892262,45,0
1455892371,45,0
1455892398,45,0
1455892537,45,0
1455895888,38,0
1455897176,45,0
1455898497,45,0
1455899528,37,0
1455903856,37,0
1455905967,48,0
1455906244,45,0
1455908045,45,0
1455908240,38,0
1455908491,45,0
1455908596,45,0
1455908737,45,0
1455908895,45,0
1455909205,45,0
1455909384,26,0
1455909571,45,0
1455909835,45,0
1455912531,37,0
1455912995,45,0
1455913991,45,0
1455914017,45,0
1455915302,37,0
1455915493,49,0
1455917081,37,0
1455917094,37,0
1455917102,37,0
1455917164,37,0
1455917245,37,0
1455917260,37,0
1455917268,37,0
1455919354,2,0
1455919721,45,0
1455919851,45,0
1455919891,45,0
1455919916,45,0
1455919977,2,0
1455920010,45,0
1455920062,2,0
1455920082,45,0
1455920355,45,0
1455920366,45,0
1455920372,45,0
1455920382,45,0
1455920388,45,0
1455920447,37,0
1455922448,26,0
1455924796,26,0
1455925092,43,0
1455926187,1,0
1455926904,42,0
1455927304,42,0
1455927507,49,0
1455928878,38,0
1455931166,45,0
1455931567,45,0
1455931577,45,0
1455933948,2,0
1455935257,45,0
1455936049,38,0
1455939009,45,0
1455939075,45,0
1455939479,26,0
1455942296,45,0
1455942349,45,0
1455942684,45,0
1455942696,45,0
1455942804,45,0
1455942876,45,0
1455942957,45,0
1455942979,45,0
1455943066,45,0
1455943087,45,0
1455943174,45,0
1455943300,45,0
1455943650,45,0
1455944678,45,0
1455944704,45,0
1455944746,45,0
1455944784,45,0
1455944863,45,0
1455944913,45,0
1455945113,45,0
1455945391,45,0
1455945471,45,0
1455945837,45,0
1455948082,45,0
1455952705,47,0
1455952787,47,0
1455952951,42,0
1455954691,45,0
1455954812,45,0
1455955014,45,0
1455955102,45,0
1455955216,45,0
1455955277,45,0
1455957606,45,0
1455957652,45,0
1455957759,42,0
1455959515,45,0
1455959523,45,0
1455959742,45,0
1455960253,26,0
1455960631,45,0
1455960688,48,0
1455961956,45,0
1455962861,45,0
1455968940,10,0
1455970007,26,0
1455971269,37,0
1455971419,37,0
1455971811,37,0
1455971933,37,0
1455972155,49,0
1455972350,38,0
1455975599,26,0
1455976904,37,0
1455978042,43,0
1455978809,48,0
1455984231,26,0
1455984332,26,0
1455991821,2,0
1455991865,2,0
1455992303,2,0
1455992376,2,0
1455992404,2,0
1455992415,2,0
1455992999,2,0
1455994752,42,0
1455994967,42,0
1455994999,42,0
1455995656,45,0
1455995677,45,0
1455996073,45,0
1455996400,45,0
1455997736,26,0
1455998809,2,0
1455999082,42,0
1455999567,42,0
1456002227,5,0
1456005347,45,0
1456006845,47,0
1456007375,47,0
1456008366,26,0
1456011197,2,0
1456012006,49,0
1456013536,43,0
1456013773,38,0
1456014066,47,0
1456014447,18,0
1456015591,26,0
1456015938,42,0
1456016402,42,0
1456016493,42,0
1456016900,42,0
1456017802,2,0
1456017817,2,0
1456018150,2,0
1456018163,2,0
1456019130,5,0
1456025244,42,0
1456027345,45,0
1456027429,45,0
1456028310,45,0
1456028822,45,0
1456029563,2,0
1456029994,49,0
1456030007,42,0
1456030975,37,0
1456032423,2,0
1456032568,45,0
1456032659,42,0
1456032683,2,0
1456032773,2,0
1456033056,45,0
1456037198,45,0
1456038475,45,0
1456038624,42,0
1456039743,45,0
1456040649,45,0
1456043388,42,0
1456044517,45,0
1456045148,42,0
1456046186,45,0
1456046947,45,0
1456047006,45,0
1456047576,45,0
1456048373,49,0
1456049441,42,0
1456049476,42,0
1456049499,42,0
1456049957,42,0
1456049974,42,0
1456050010,42,0
1456050038,42,0
1456050079,42,0
1456050081,42,0
1456051175,26,0
1456052252,45,0
1456052377,45,0
1456052389,45,0
1456052831,45,0
1456053071,45,0
1456053514,45,0
1456053647,45,0
1456053663,45,0
1456053696,45,0
1456053717,45,0
1456064139,26,0
1456067189,2,0
1456067527,2,0
1456071091,26,0
1456071123,26,0
1456071701,2,0
1456076296,49,0
1456081502,48,0
1456082406,2,0
1456082526,2,0
1456082800,48,0
1456084414,12,0
1456085518,37,0
1456085603,5,0
1456085609,37,0
1456085930,2,0
1456085961,2,0
1456086729,37,0
1456086853,37,0
1456088059,45,0
1456088239,45,0
1456089799,2,0
1456089895,2,0
1456091477,42,0
1456097110,42,0
1456097381,48,0
1456097453,43,0
1456098154,47,0
1456098163,47,0
1456098172,26,0
1456098193,10,0
1456098458,47,0
1456099337,48,0
1456100513,45,0
1456101665,2,0
1456101686,2,0
1456102014,2,0
1456102854,7,0
1456103826,42,0
1456103891,26,0
1456103915,42,0
1456104261,47,0
1456104521,42,0
1456104575,47,0
1456104749,5,0
1456105272,49,0
1456106487,45,0
1456106538,42,0
1456106541,42,0
1456106587,45,0
1456106658,5,0
1456106813,45,0
1456106869,45,0
1456106893,45,0
1456106943,45,0
1456107138,45,0
1456107255,45,0
1456107336,45,0
1456107402,45,0
1456107477,45,0
1456107543,45,0
1456107623,45,0
1456107686,45,0
1456107958,45,0
1456108248,26,0
1456108464,45,0
1456108548,45,0
1456108605,45,0
1456108741,45,0
1456108817,10,0
1456108819,45,0
1456109004,45,0
1456109046,45,0
1456109115,45,0
1456109190,45,0
1456109269,45,0
1456111266,26,0
1456111326,42,0
1456112181,45,0
1456112371,37,0
1456112593,37,0
1456112676,37,0
1456113186,45,0
1456113315,47,0
1456113846,45,0
1456113879,45,0
1456114011,42,0
1456114056,42,0
1456114104,47,0
1456115149,37,0
1456115576,42,0
1456116231,42,0
1456116846,42,0
1456117209,42,0
1456119391,45,0
1456121225,45,0
1456121873,26,0
1456123519,48,0
1456124127,42,0
1456125278,42,0
1456129261,42,0
1456130322,48,0
1456130486,42,0
1456130785,42,0
1456131378,10,0
1456133314,47,0
1456133483,47,0
1456134186,42,0
1456135522,47,0
1456135545,47,0
1456142845,5,0
1456143198,5,0
1456144897,42,0
1456146511,43,0
1456147781,10,0
1456148604,26,0
1456153331,45,0
1456157023,45,0
1456157043,45,0
1456157058,45,0
1456157129,26,0
1456157516,45,0
1456157583,45,0
1456157898,45,0
1456159004,45,0
1456159094,45,0
1456162080,10,0
1456164976,26,0
1456169270,2,0
1456169852,2,0
1456170523,38,0
1456172073,37,0
1456172119,37,0
1456177237,49,0
1456177977,49,0
1456180923,37,0
1456181867,42,0
1456182041,26,0
1456182078,42,0
1456182202,38,0
1456182815,12,0
1456182887,12,0
1456182910,10,0
1456182944,38,0
1456183194,5,0
1456183477,5,0
1456183710,2,0
1456187579,37,0
1456189532,2,0
1456190293,38,0
1456191585,26,0
1456192728,45,0
1456192934,45,0
1456193469,45,0
1456194327,45,0
1456194805,45,0
1456194806,45,0
1456195816,42,0
1456199977,45,0
1456202720,47,0
1456205198,26,0
1456205488,42,0
1456205650,26,0
1456205770,42,0
1456209057,42,0
1456209470,42,0
1456209502,42,0
1456209598,42,0
1456211426,42,0
1456211642,42,0
1456211808,42,0
1456211877,42,0
1456212008,42,0
1456212239,42,0
1456212288,42,0
1456212371,42,0
1456212613,42,0
1456212704,26,0
1456213205,42,0
1456213412,42,0
1456213948,42,0
1456214136,42,0
1456218925,48,0
1456218928,19,0
1456220326,42,0
1456220351,42,0
1456220388,42,0
1456220569,42,0
1456222909,43,0
1456225213,26,0
1456228227,5,0
1456230019,5,0
1456232909,38,0
1456234841,38,0
1456235575,26,0
1456235708,38,0
1456243120,37,0
1456247176,48,0
1456251944,2,0
1456253400,10,0
1456254748,2,0
1456255790,37,0
1456255860,37,0
1456255896,37,0
1456256811,10,0
1456259323,48,0
1456259668,26,0
1456259948,2,0
1456259986,2,0
1456264902,26,0
1456265057,12,0
1456265673,48,0
1456267478,43,0
1456272940,37,0
1456273564,43,0
1456273629,37,0
1456273775,2,0
1456273968,26,0
1456273988,2,0
1456274036,37,0
1456274048,2,0
1456274727,2,0
1456276245,2,0
1456277145,47,0
1456277390,47,0
1456277933,19,0
1456279282,42,0
1456280035,42,0
1456281001,47,0
1456282151,45,0
1456282709,26,0
1456283468,48,0
1456284158,47,0
1456284843,42,0
1456285337,26,0
1456286928,37,0
1456286996,37,0
1456287018,37,0
1456292030,43,0
1456294936,26,0
1456294962,47,0
1456295179,45,0
1456295755,45,0
1456296090,38,0
1456296489,42,0
1456296530,42,0
1456298798,43,0
1456298903,42,0
1456306078,42,0
1456309510,10,0
1456309668,48,0
1456313392,5,0
1456313745,26,0
1456315502,47,0
1456315511,38,0
1456318008,38,0
1456320127,48,0
1456322503,5,0
1456322608,45,0
1456322860,5,0
1456322905,37,0
1456322969,45,0
1456323115,42,0
1456323191,45,0
1456323198,45,0
1456323228,45,0
1456323657,45,0
1456323659,45,0
1456325006,43,0
1456325364,37,0
1456326389,26,0
1456326637,48,0
1456330104,45,0
1456335452,5,0
1456340517,49,0
1456341913,8,0
1456343456,2,0
1456343465,2,0
1456344393,2,0
1456345181,49,0
1456345413,12,0
1456345419,12,0
1456345495,12,0
1456345534,12,0
1456345546,12,0
1456349182,45,0
1456352097,48,0
1456355288,47,0
1456356423,2,0
1456358192,2,0
1456360048,38,0
1456361522,26,0
1456362664,12,0
1456363101,49,0
1456363249,12,0
1456363436,12,0
1456363563,12,0
1456364049,12,0
1456364823,10,0
1456365122,12,0
1456365311,12,0
1456365353,12,0
1456365399,12,0
1456365468,42,0
1456366260,45,0
1456366560,45,0
1456366578,12,0
1456366630,12,0
1456366674,12,0
1456367162,45,0
1456367164,12,0
1456367230,2,0
1456368131,45,0
1456368223,2,0
1456369034,10,0
1456370056,18,0
1456372139,49,0
1456373012,42,0
1456373036,12,0
1456373950,45,0
1456374181,45,0
1456374516,45,0
1456374622,45,0
1456375088,47,0
1456375360,45,0
1456375905,45,0
1456376102,42,0
1456376368,26,0
1456377996,26,0
1456380329,47,0
1456380577,12,0
1456380696,26,0
1456382242,45,0
1456382654,47,0
1456384240,42,0
1456384485,12,0
1456385056,5,0
1456389297,26,0
1456389615,1,0
1456390007,42,0
1456401036,26,0
1456402947,49,0
1456403689,37,0
1456407657,42,0
1456407729,42,0
1456407777,42,0
1456407799,42,0
1456408514,2,0
1456408923,2,0
1456408996,37,0
1456410884,5,0
1456411363,38,0
1456412365,49,0
1456412757,26,0
1456414792,37,0
1456416014,37,0
1456416862,45,0
1456416888,45,0
1456416962,45,0
1456416994,45,0
1456417031,45,0
1456417168,45,0
1456417176,2,0
1456417217,45,0
1456417266,45,0
1456417328,45,0
1456417357,45,0
1456424969,43,0
1456428148,2,0
1456429638,5,0
1456436943,49,0
1456437132,45,0
1456437945,45,0
1456438012,45,0
1456438015,45,0
1456438019,45,0
1456438033,45,0
1456438556,26,0
1456439574,26,0
1456442718,49,0
1456445266,47,0
1456445346,47,0
1456445637,47,0
1456446427,42,0
1456446461,42,0
1456447083,10,0
1456448075,2,0
1456450384,2,0
1456450930,45,0
1456450930,45,0
1456450930,45,0
1456450930,45,0
1456450974,26,0
1456451017,45,0
1456451030,45,0
1456453157,2,0
1456454380,42,0
1456455061,2,0
1456457369,42,0
1456457374,26,0
1456459118,2,0
1456459187,2,0
1456459213,2,0
1456459221,2,0
1456459500,45,0
1456459902,45,0
1456460264,45,0
1456460835,45,0
1456460986,49,0
1456461453,45,0
1456461959,45,0
1456462185,45,0
1456462221,45,0
1456462506,45,0
1456462881,49,0
1456464500,26,0
1456466030,37,0
1456466108,49,0
1456466455,43,0
1456466645,45,0
1456467025,45,0
1456468785,10,0
1456469090,10,0
1456469440,45,0
1456470098,1,0
1456470176,1,0
1456471198,43,0
1456471306,43,0
1456476349,42,0
1456476465,24,0
1456476620,24,0
1456476762,24,0
1456477257,24,0
1456478166,24,0
1456478270,24,0
1456478435,24,0
1456478450,24,0
1456478509,43,0
1456478556,24,0
1456478690,24,0
1456478714,24,0
1456478794,24,0
1456479353,49,0
1456479516,24,0
1456480010,24,0
1456480123,24,0
1456480581,24,0
1456480685,24,0
1456480913,24,0
1456481210,24,0
1456481294,24,0
1456481410,24,0
1456481430,24,0
1456481444,24,0
1456481476,24,0
1456481518,24,0
1456481656,24,0
1456481687,42,0
1456482159,24,0
1456482342,24,0
1456483020,24,0
1456483038,38,0
1456483190,24,0
1456483313,24,0
1456483494,38,0
1456484201,42,0
1456484340,42,0
1456484421,42,0
1456484516,42,0
1456484829,42,0
1456484904,24,0
1456485906,24,0
1456486099,24,0
1456486397,24,0
1456486591,24,0
1456487148,24,0
1456487387,24,0
1456487705,24,0
1456488057,24,0
1456488430,24,0
1456488506,5,0
1456489000,24,0
1456489721,24,0
1456493621,38,0
1456495535,26,0
1456496286,18,0
1456497111,2,0
1456498407,45,0
1456498453,45,0
1456499386,26,0
1456500450,37,0
1456503321,45,0
1456503472,45,0
1456503673,45,0
1456504494,48,0
1456504705,37,0
1456504940,37,0
1456507912,26,0
1456508585,5,0
1456510271,48,0
1456510956,45,0
1456512750,36,0
1456512830,36,0
1456512886,36,0
1456512926,36,0
1456513052,36,0
1456513221,36,0
1456514179,2,0
1456515309,5,0
1456516796,26,0
1456519551,45,0
1456520039,45,0
1456520852,45,0
1456521126,24,0
1456521175,24,0
1456521730,24,0
1456521761,24,0
1456522024,24,0
1456522120,2,0
1456522339,26,0
1456523440,24,0
1456523691,24,0
1456524268,48,0
1456524358,45,0
1456524376,45,0
1456524556,26,0
1456524724,24,0
1456527354,24,0
1456527410,24,0
1456530945,42,0
1456530967,42,0
1456532179,26,0
1456533305,38,0
1456535628,24,0
1456535674,24,0
1456535762,24,0
1456535805,47,0
1456535861,47,0
1456536168,24,0
1456536270,24,0
1456536306,18,0
1456536413,18,0
1456536638,24,0
1456536682,24,0
1456536926,24,0
1456536939,24,0
1456536967,24,0
1456537003,24,0
1456538131,2,0
1456538179,2,0
1456541282,42,0
1456541512,42,0
1456542242,18,0
1456544045,37,0
1456544386,24,0
1456544576,24,0
1456544725,24,0
1456545001,24,0
1456545160,24,0
1456545256,24,0
1456545447,24,0
1456545594,24,0
1456546288,24,0
1456549693,45,0
1456549696,45,0
1456549697,45,0
1456550071,45,0
1456550650,45,0
1456554380,47,0
1456554780,45,0
1456555506,47,0
1456555592,43,0
1456556082,42,0
1456557891,24,0
1456558097,47,0
1456558652,47,0
1456558690,47,0
1456560760,36,0
1456560848,36,0
1456560963,36,0
1456560996,26,0
1456562083,36,0
1456562224,36,0
1456563198,36,0
1456563292,36,0
1456563373,36,0
1456563570,36,0
1456563683,36,0
1456563983,24,0
1456564444,36,0
1456564610,36,0
1456564668,36,0
1456564910,36,0
1456565122,36,0
1456565236,36,0
1456565377,36,0
1456565493,36,0
1456565550,36,0
1456566613,24,0
1456567000,24,0
1456567435,24,0
1456568212,48,0
1456570383,24,0
1456570809,24,0
1456570838,24,0
1456570844,24,0
1456570855,24,0
1456570865,24,0
1456571847,49,0
1456572671,42,0
1456572719,24,0
1456574559,49,0
1456574579,43,0
1456577981,36,0
1456578108,36,0
1456578188,24,0
1456578302,36,0
1456578399,24,0
1456579104,10,0
1456579631,24,0
1456580899,36,0
1456583095,5,0
1456585119,2,0
1456592229,37,0
1456592406,37,0
1456592675,37,0
1456592684,37,0
1456592789,2,0
1456592872,37,0
1456593022,37,0
1456595199,45,0
1456596058,45,0
1456596071,45,0
1456596384,45,0
1456598064,24,0
1456598084,38,0
1456598528,2,0
1456598531,2,0
1456599164,45,0
1456599359,37,0
1456600341,2,0
1456600577,38,0
1456601258,37,0
1456601928,2,0
1456603262,45,0
1456603316,45,0
1456603544,45,0
1456603680,2,0
1456603739,2,0
1456604795,45,0
1456604848,45,0
1456609992,45,0
1456610022,45,0
1456610228,45,0
1456610492,45,0
1456610537,24,0
1456611208,24,0
1456611305,24,0
1456611422,24,0
1456611830,45,0
1456611960,24,0
1456612024,24,0
1456612303,24,0
1456612512,2,0
1456612601,2,0
1456612692,24,0
1456612809,2,0
1456613283,45,0
1456614101,45,0
1456615980,38,0
1456616608,37,0
1456618046,24,0
1456619269,45,0
1456619320,45,0
1456620130,45,0
1456620304,45,0
1456620578,47,0
1456620618,45,0
1456620710,45,0
1456620713,47,0
1456621063,45,0
1456621180,45,0
1456621227,47,0
1456621327,45,0
1456621822,37,0
1456621823,45,0
1456621955,24,0
1456622601,24,0
1456622854,45,0
1456622934,45,0
1456622937,45,0
1456622955,45,0
1456624160,24,0
1456624201,24,0
1456624300,24,0
1456624444,45,0
1456625417,26,0
1456625848,43,0
1456627063,45,0
1456627839,24,0
1456627845,24,0
1456629222,37,0
1456631246,5,0
1456632017,2,0
1456632249,2,0
1456632255,2,0
1456632383,2,0
1456632492,2,0
1456632610,2,0
1456632665,2,0
1456632783,2,0
1456632830,2,0
1456633769,2,0
1456634046,42,0
1456634317,2,0
1456634499,2,0
1456635741,26,0
1456640011,45,0
1456640167,10,0
1456642088,26,0
1456643342,36,0
1456643442,24,0
1456643670,24,0
1456643725,24,0
1456643914,36,0
1456644069,36,0
1456644125,36,0
1456644185,36,0
1456644214,36,0
1456644642,36,0
1456644643,36,0
1456644902,45,0
1456647922,38,0
1456649951,45,0
1456651730,26,0
1456662499,47,0
1456664042,47,0
1456665322,48,0
1456668987,5,0
1456669430,2,0
1456670809,2,0
1456671458,2,0
1456674031,2,0
1456674106,2,0
1456675309,2,0
1456675416,2,0
1456675437,2,0
1456676078,43,0
1456676685,2,0
1456677551,2,0
1456678287,37,0
1456685371,37,0
1456686604,45,0
1456686830,24,0
1456687398,2,0
1456687454,2,0
1456687492,2,0
1456687537,2,0
1456688065,2,0
1456688168,2,0
1456688890,2,0
1456690080,2,0
1456691199,48,0
1456691218,2,0
1456691683,45,0
1456692172,45,0
1456692186,45,0
1456692329,45,0
1456692632,2,0
1456693430,45,0
1456693745,45,0
1456695748,45,0
1456696171,2,0
1456696261,45,0
1456696406,24,0
1456696425,24,0
1456696434,24,0
1456696636,24,0
1456696656,24,0
1456696673,24,0
1456696726,24,0
1456697051,24,0
1456697098,24,0
1456697140,45,0
1456697305,24,0
1456697326,24,0
1456697404,24,0
1456698163,24,0
1456698193,24,0
1456698391,24,0
1456698504,24,0
1456698807,24,0
1456698863,24,0
1456698932,24,0
1456699287,24,0
1456699301,24,0
1456699610,10,0
1456699910,5,0
1456700857,24,0
1456701080,2,0
1456701178,24,0
1456701219,24,0
1456701264,2,0
1456701388,24,0
1456701778,24,0
1456701982,45,0
1456702196,45,0
1456704319,38,0
1456704380,2,0
1456704403,2,0
1456704408,2,0
1456704658,24,0
1456705111,24,0
1456705335,42,0
1456705436,24,0
1456705979,2,0
1456705979,2,0
1456706304,2,0
1456706763,2,0
1456706912,2,0
1456707009,2,0
1456707035,45,0
1456707087,2,0
1456707098,2,0
1456707124,2,0
1456707151,2,0
1456707639,2,0
1456707668,2,0
1456707717,45,0
1456707990,45,0
1456708032,2,0
1456708223,42,0
1456708229,42,0
1456708276,42,0
1456708380,10,0
1456709593,2,0
1456709622,2,0
1456709838,42,0
1456710447,42,0
1456710634,49,0
1456710738,2,0
1456710760,2,0
1456711163,45,0
1456711266,42,0
1456711292,42,0
1456711975,2,0
1456712058,2,0
1456712092,42,0
1456712108,2,0
1456713534,37,0
1456714029,24,0
1456714065,24,0
1456714153,37,0
1456714170,24,0
1456714179,37,0
1456714241,24,0
1456714274,24,0
1456714325,24,0
1456714350,37,0
1456714393,2,0
1456714751,45,0
1456714854,2,0
1456715022,42,0
1456715446,2,0
1456716547,2,0
1456716684,42,0
1456716773,42,0
1456716788,42,0
1456717041,42,0
1456717648,45,0
1456718942,10,0
1456719543,2,0
1456720046,47,0
1456720092,37,0
1456721606,24,0
1456721949,45,0
1456722189,45,0
1456722260,12,0
1456722355,45,0
1456722386,45,0
1456722550,2,0
1456722556,45,0
1456722581,45,0
1456722583,45,0
1456722678,42,0
1456722820,37,0
1456722886,12,0
1456722976,45,0
1456723292,42,0
1456723514,2,0
1456723773,42,0
1456724047,2,0
1456724189,42,1
1456724382,37,0
1456724501,42,0
1456724839,2,0
1456724989,42,1
1456725014,2,0
1456725143,2,0
1456725193,2,0
1456725582,42,0
1456726298,42,1
1456726959,45,0
1456727193,45,0
1456727253,45,0
1456727314,2,0
1456727415,2,0
1456727751,2,0
1456728216,45,0
1456728351,2,0
1456728380,2,0
1456728477,24,0
1456728496,45,0
1456728575,2,0
1456728934,2,0
1456728956,45,0
1456729014,2,0
1456729085,45,0
1456729099,2,0
1456729381,24,0
1456729485,24,0
1456729505,24,0
1456729549,24,0
1456729615,45,0
1456730069,2,0
1456730204,2,0
1456730520,45,0
1456730740,2,0
1456730752,45,0
1456730764,2,0
1456731030,45,0
1456731064,45,0
1456731092,45,0
1456731131,45,0
1456731324,42,1
1456731360,42,0
1456731367,42,0
1456731669,45,0
1456731689,45,0
1456731768,45,0
1456731830,2,0
1456731949,42,0
1456732173,2,0
1456732379,45,0
1456732537,45,0
1456732586,45,0
1456732615,45,0
1456732724,45,0
1456732896,45,0
1456733170,45,0
1456733342,45,0
1456733416,42,1
1456733427,24,0
1456733529,45,0
1456733680,45,0
1456733759,42,0
1456734030,2,0
1456734032,2,0
1456734670,12,0
1456734712,12,0
1456734749,2,0
1456734947,42,0
1456734981,42,0
1456735166,12,0
1456735709,43,0
1456736364,24,0
1456736667,45,0
1456736827,24,0
1456736967,12,0
1456736987,45,0
1456737082,45,0
1456737169,45,0
1456737375,24,0
1456737419,24,0
1456737420,2,0
1456737425,2,0
1456737580,24,0
1456737640,24,0
1456737807,2,0
1456737831,2,0
1456737968,45,0
1456738010,24,0
1456738040,45,0
1456738084,45,0
1456738140,24,0
1456738185,45,0
1456738189,2,0
1456738305,2,0
1456738618,2,0
1456738721,2,0
1456738789,12,0
1456738797,12,0
1456738830,24,0
1456738864,2,0
1456738870,2,0
1456738889,38,0
1456739075,24,0
1456739086,45,0
1456739226,45,0
1456739327,45,0
1456739403,24,0
1456739489,2,0
1456739494,2,0
1456739540,45,0
1456739558,24,0
1456739618,24,0
1456739674,48,0
1456739675,24,0
1456739695,45,0
1456739802,45,0
1456739820,42,0
1456739889,45,0
1456739920,12,0
1456739920,45,0
1456739944,12,0
1456739954,12,0
1456739954,24,1
1456740006,2,1
1456740049,2,0
1456740096,2,0
1456740112,2,0
1456740155,2,0
1456740178,45,0
1456740209,26,0
1456740251,12,0
1456740349,24,0
1456740391,24,0
1456740660,2,0
1456740702,2,0
1456740755,2,0
1456740861,24,0
1456740881,24,0
1456740955,24,1
1456740963,2,0
1456741011,24,0
1456741199,24,1
1456741229,42,1
1456741260,24,0
1456741309,42,1
1456741362,24,0
1456741452,24,1
1456741609,24,0
1456741731,24,0
1456741744,1,0
1456741764,24,0
1456741828,24,0
1456741838,24,0
1456741871,42,1
1456741890,24,1
1456741923,42,1
1456742029,37,1
1456742447,1,0
1456742494,42,1
1456742741,24,0
1456742816,24,0
1456742909,24,0
1456743509,24,0
1456743570,24,0
1456743616,24,0
1456744414,24,0
1456744684,24,0
1456744829,24,0
1456744877,24,0
1456744940,24,0
1456745242,42,0
1456745516,24,0
1456745579,42,1
1456745589,24,0
1456745912,5,0
1456750651,5,0
1456754766,43,0
1456754957,47,0
1456756551,2,0
1456756592,2,0
1456756640,2,0
1456756674,2,0
1456756694,2,0
1456756721,2,0
1456756723,2,0
1456756963,2,0
1456757023,48,0
1456757399,2,0
1456757421,2,0
1456760387,2,0
1456760420,2,0
1456760437,2,0
1456760451,2,0
1456760476,37,0
1456760486,2,0
1456760536,2,0
1456760592,2,0
1456760613,2,0
1456760635,2,0
1456760715,2,0
1456760781,2,0
1456760823,45,0
1456760830,2,0
1456760921,2,0
1456761072,2,0
1456761222,2,0
1456762514,2,0
1456762577,2,0
1456764027,45,0
1456764291,2,0
1456766868,2,0
1456767353,5,0
1456767697,2,0
1456769103,45,0
1456769245,45,0
1456769347,2,0
1456769356,2,0
1456769385,2,1
1456769451,5,0
1456769545,26,0
1456769743,2,0
1456770585,2,0
1456770655,24,0
1456771246,24,0
1456772936,2,0
1456774057,2,0
1456774248,2,0
1456774484,2,0
1456775020,49,0
1456776044,45,0
1456776356,45,0
1456776570,45,0
1456777202,2,0
1456777862,45,0
1456779634,45,0
1456779869,2,0
1456780654,38,0
1456781718,2,0
1456783874,37,0
1456783879,37,0
1456783887,37,0
1456784206,38,0
1456784269,37,0
1456785230,37,0
1456785429,38,0
1456786112,37,0
1456787457,1,0
1456787576,37,1
1456787588,37,1
1456787627,37,1
1456788527,26,0
1456789484,37,0
1456789511,37,0
1456790663,1,0
1456790687,42,1
1456792432,10,0
1456792469,48,0
1456792887,38,0
1456793731,1,0
1456794078,2,0
1456794109,2,0
1456794228,2,0
1456794405,2,0
1456794440,2,0
1456794525,2,0
1456794599,26,0
1456794634,37,0
1456794641,37,0
1456795864,42,0
1456795873,42,0
1456795877,42,0
1456796042,42,0
1456796233,42,0
1456796734,42,0
1456796757,42,0
1456798163,2,0
1456799619,47,0
1456799653,47,0
1456800995,2,0
1456800998,2,0
1456801016,2,0
1456801512,42,1
1456801933,42,0
1456803281,10,0
1456803908,10,0
1456806856,12,0
1456807059,5,0
1456808177,24,0
1456809038,42,0
1456809314,42,0
1456809320,24,0
1456809323,42,0
1456809570,42,0
1456810733,26,0
1456811346,16,0
1456811515,16,1
1456812014,42,0
1456812278,42,0
1456812482,42,0
1456812646,42,0
1456812891,42,0
1456813357,36,0
1456813386,36,0
1456813790,42,0
1456813966,42,0
1456814034,42,0
1456815531,42,0
1456815712,42,0
1456815744,10,0
1456815880,38,0
1456815913,42,0
1456816921,42,0
1456816977,42,0
1456817626,42,0
1456817674,42,0
1456817798,42,0
1456817868,45,0
1456817935,42,0
1456818221,42,0
1456819156,42,0
1456819957,42,1
1456821271,42,0
1456821342,42,0
1456822120,47,0
1456822318,43,0
1456824330,43,0
1456824773,18,0
1456824870,18,0
1456825152,24,0
1456825343,5,0
1456827368,24,0
1456832465,2,0
1456832979,42,0
1456837775,10,0
1456841273,49,0
1456842017,37,0
1456842049,37,0
1456842293,37,0
1456846883,18,0
1456849082,5,0
1456849824,18,0
1456850332,43,0
1456856033,24,0
1456856073,24,0
1456856203,26,0
1456861094,45,0
1456862167,10,0
1456863129,2,0
1456863472,43,0
1456863668,43,0
1456864624,2,0
1456864740,45,0
1456865208,5,0
1456865483,26,0
1456865868,43,0
1456867537,24,0
1456867641,24,0
1456867704,24,0
1456867720,49,0
1456867776,24,0
1456867828,24,0
1456868215,24,0
1456868227,24,0
1456868468,24,0
1456868499,24,0
1456871640,2,0
1456871906,2,0
1456872411,2,0
1456872794,5,0
1456872994,2,0
1456873044,2,0
1456874041,10,0
1456875302,2,0
1456875332,2,0
1456877369,5,0
1456877832,24,0
1456877841,26,0
1456877961,2,0
1456878445,24,0
1456878987,24,0
1456880330,24,0
1456880493,12,0
1456881008,37,0
1456881261,24,0
1456881841,2,0
1456882126,37,0
1456882256,2,0
1456882313,2,0
1456882347,47,0
1456882376,37,0
1456882388,47,1
1456882597,2,0
1456883717,37,0
1456883789,47,0
1456884068,48,0
1456884297,2,0
1456885610,37,0
1456885714,2,0
1456885720,37,0
1456886020,24,0
1456886045,24,0
1456886059,24,0
1456886097,24,0
1456886136,24,0
1456886238,2,0
1456886431,45,0
1456886767,43,0
1456886961,24,0
1456887237,24,0
1456887316,42,0
1456887321,24,0
1456887321,42,0
1456887391,24,0
1456887500,24,0
1456887541,24,0
1456887737,24,0
1456887747,24,0
1456887835,24,0
1456888174,24,0
1456889486,45,0
1456889607,45,0
1456889639,45,0
1456889669,42,0
1456891206,45,0
1456891364,18,0
1456892291,45,0
1456892316,45,0
1456893076,42,0
1456893170,43,0
1456895871,47,0
1456896012,47,0
1456896325,26,0
1456896337,45,0
1456896363,45,0
1456899701,36,0
1456899832,36,0
1456899832,36,0
1456900186,36,0
1456900229,36,0
1456902302,1,0
1456903794,47,0
1456904448,47,0
1456904859,42,0
1456906503,47,0
1456907062,47,0
1456910331,24,0
1456910395,48,0
1456910483,24,0
1456910797,24,0
1456910822,24,0
1456911074,38,0
1456914000,24,0
1456914354,5,0
1456914936,5,0
1456915513,24,0
1456915889,24,0
1456916051,24,0
1456916086,24,0
1456916863,24,0
1456916907,24,0
1456917926,24,0
1456918055,24,0
1456918115,24,0
1456918179,24,0
1456918278,24,0
1456918366,24,0
1456919408,24,0
1456919632,48,0
1456922265,42,0
1456925193,42,1
1456925292,24,0
1456926846,24,0
1456927030,5,0
1456928002,24,0
1456929834,37,0
1456935854,2,0
1456939249,43,0
1456941104,48,0
1456941360,26,0
1456942622,45,0
1456943201,45,0
1456943338,2,0
1456943535,48,0
1456943718,45,0
1456944713,5,0
1456946318,38,0
1456948182,10,0
1456948333,24,0
1456948455,24,0
1456948981,24,0
1456949171,24,0
1456950048,48,0
1456950642,45,0
1456951227,45,0
1456952233,45,0
1456955925,2,1
1456957927,24,0
1456958228,38,0
1456958572,24,0
1456959109,24,0
1456959284,24,0
1456959344,24,0
1456959740,24,0
1456959789,24,0
1456960321,26,0
1456962547,18,0
1456963950,42,0
1456965364,48,0
1456966002,42,0
1456967000,42,0
1456967205,24,0
1456967601,42,0
1456968389,47,0
1456968955,47,0
1456969341,49,0
1456969528,42,0
1456969660,47,0
1456970129,47,0
1456970830,2,0
1456970926,2,0
1456971158,2,0
1456971448,2,0
1456971629,2,0
1456971720,2,0
1456972128,2,0
1456972493,24,0
1456972577,24,0
1456972726,24,0
1456975974,47,0
1456976165,47,0
1456976807,35,0
1456977100,43,0
1456978483,42,0
1456978984,42,0
1456979535,47,0
1456981526,24,0
1456981798,24,0
1456983960,45,0
1456985915,26,0
1456987613,45,0
1456988216,45,0
1456988673,12,0
1456989058,12,0
1456989066,12,0
1456989087,12,0
1456989116,12,0
1456990520,43,0
1456996120,24,0
1456996177,24,0
1456996215,24,0
1456996246,24,0
1456996656,24,0
1456998946,24,0
1456999017,47,0
1457002502,24,0
1457003276,24,0
1457003338,24,0
1457004216,5,0
1457004393,48,0
1457007768,42,0
1457007768,42,0
1457008225,49,0
1457008838,42,0
1457009718,10,0
1457010866,38,0
1457011579,5,0
1457018252,5,0
1457020641,45,0
1457020860,45,0
1457021119,45,0
1457021160,45,0
1457021181,45,0
1457021221,45,0
1457021666,45,0
1457021688,45,0
1457021726,45,0
1457021759,45,0
1457021781,45,0
1457021808,45,0
1457026093,45,0
1457027042,2,0
1457029344,18,0
1457029682,18,0
1457030067,45,0
1457031224,2,0
1457032724,18,0
1457033101,24,0
1457033225,18,0
1457033325,24,0
1457033338,2,0
1457034918,38,0
1457036687,5,0
1457038732,45,0
1457040295,24,0
1457041026,42,0
1457043503,45,0
1457044901,2,0
1457045465,37,0
1457045473,37,0
1457046659,42,0
1457047240,24,0
1457047331,24,0
1457047356,24,0
1457047428,42,0
1457047488,24,0
1457048060,24,0
1457048479,42,0
1457048531,42,0
1457048541,42,0
1457048554,42,0
1457048579,24,0
1457050806,42,0
1457050814,42,0
1457051789,42,0
1457052229,2,0
1457052324,24,0
1457052544,24,0
1457053732,42,0
1457053809,42,0
1457054237,2,0
1457054262,2,1
1457055240,49,0
1457055760,24,0
1457057096,43,0
1457057103,42,0
1457057351,1,0
1457058080,48,0
1457058246,1,0
1457059850,43,0
1457060338,24,0
1457062550,26,0
1457063362,49,0
1457066453,47,0
1457066519,47,0
1457066870,42,0
1457067062,5,0
1457067652,45,0
1457067983,47,0
1457069584,38,0
1457069808,5,0
1457073962,36,0
1457074611,47,0
1457080417,42,0
1457083028,42,0
1457085820,24,0
1457085842,24,0
1457085947,24,0
1457086083,24,0
1457086548,24,0
1457086717,24,0
1457086788,24,0
1457086889,24,0
1457089413,24,0
1457089509,24,0
1457092111,24,0
1457092227,24,0
1457092355,5,0
1457093969,24,0
1457093981,24,0
1457094534,42,0
1457094568,42,0
1457094573,42,0
1457096546,38,0
1457101932,49,0
1457101951,43,0
1457103698,45,0
1457103767,45,0
1457107586,45,0
1457107659,45,0
1457107711,45,0
1457107790,45,0
1457107845,45,0
1457107859,45,0
1457107874,45,0
1457107919,45,0
1457107959,45,0
1457108268,45,0
1457112091,37,0
1457114918,45,0
1457115116,45,0
1457115342,45,0
1457115406,45,0
1457115458,45,0
1457115619,45,0
1457115619,45,0
1457115656,45,0
1457115691,45,0
1457115722,45,0
1457115777,45,0
1457115785,45,0
1457116003,45,0
1457116364,45,0
1457118188,42,0
1457119076,43,0
1457119598,5,0
1457130063,24,0
1457131331,47,0
1457131363,47,0
1457131455,47,0
1457131579,42,0
1457131954,42,0
1457132529,5,0
1457136045,2,0
1457136057,2,0
1457137792,26,0
1457138016,37,0
1457139922,37,0
1457140057,42,0
1457141186,37,0
1457142612,24,0
1457143417,37,0
1457143550,37,0
1457144697,37,0
1457145600,42,0
1457147930,2,0
1457147971,24,0
1457147995,24,0
1457148070,24,0
1457148319,24,0
1457149859,47,0
1457156491,43,0
1457157195,43,0
1457158502,45,0
1457160034,24,0
1457160038,24,0
1457165326,18,0
1457166476,24,0
1457166688,42,0
1457166695,42,0
1457166836,42,0
1457167086,24,0
1457167396,24,0
1457167611,24,0
1457167831,24,0
1457168212,24,0
1457168693,45,0
1457169108,45,0
1457169247,45,0
1457169260,45,0
1457171342,45,0
1457171496,45,0
1457171560,48,0
1457171598,45,0
1457171641,45,0
1457171688,45,0
1457171701,45,0
1457171730,45,0
1457171764,45,0
1457171807,45,0
1457171965,45,0
1457172007,45,0
1457172044,45,0
1457172083,45,0
1457172152,45,0
1457172204,45,0
1457172268,45,0
1457172319,45,0
1457174415,24,0
1457174652,24,0
1457175423,36,0
1457175435,36,0
1457175437,36,0
1457175442,36,0
1457175451,24,0
1457175636,24,0
1457175639,45,0
1457175688,5,0
1457175956,24,0
1457176024,45,0
1457176055,24,0
1457176192,24,0
1457176323,24,0
1457176461,24,0
1457176621,24,0
1457176662,24,0
1457176689,24,0
1457176870,24,0
1457176882,24,0
1457176941,24,0
1457177004,24,0
1457180578,37,0
1457180643,37,0
1457180655,37,0
1457180879,43,0
1457181195,37,0
1457181385,37,0
1457181412,37,0
1457181435,37,0
1457182315,45,0
1457185852,10,0
1457187499,42,0
1457189663,37,0
1457191700,2,0
1457193161,26,0
1457209690,24,0
1457214949,37,0
1457216880,24,0
1457216893,24,0
1457217163,24,0
1457217850,2,0
1457218155,2,0
1457219360,49,0
1457220977,5,0
1457221274,18,0
1457222542,18,0
1457222611,45,0
1457222630,45,0
1457222643,45,0
1457222648,45,0
1457222650,18,0
1457222650,45,0
1457222803,45,0
1457222876,47,0
1457222913,47,0
1457222928,2,0
1457222944,2,0
1457222970,2,0
1457223004,2,0
1457223016,2,0
1457223053,2,0
1457223071,2,0
1457223079,45,0
1457223131,47,0
1457223171,47,0
1457223263,47,0
1457223311,47,0
1457223531,47,0
1457223741,49,0
1457224029,47,0
1457224097,47,0
1457224134,47,0
1457226071,10,0
1457226549,45,0
1457226984,45,0
1457227586,45,0
1457229441,45,0
1457230083,45,0
1457230108,18,0
1457230114,18,0
1457230359,42,0
1457230622,45,0
1457230710,45,0
1457231333,48,0
1457231528,45,0
1457231659,2,0
1457231668,2,0
1457233261,45,0
1457233607,18,0
1457234076,45,0
1457234205,5,0
1457234588,18,0
1457234917,45,0
1457235241,45,0
1457235257,45,0
1457235568,45,0
1457236251,45,0
1457237558,45,0
1457241454,38,0
1457247988,45,0
1457249148,45,0
1457249379,43,0
1457249845,45,0
1457249880,45,0
1457250011,45,0
1457250663,26,0
1457252195,45,0
1457252250,45,0
1457252331,45,0
1457252877,45,0
1457253407,45,0
1457253541,45,0
1457253642,45,0
1457253936,45,0
1457254516,45,0
1457254897,45,0
1457255915,45,0
1457255997,45,0
1457256098,45,0
1457256223,45,0
1457256823,45,0
1457257985,42,0
1457257990,42,0
1457258028,45,0
1457258170,10,0
1457258464,45,0
1457258535,45,0
1457258595,45,0
1457258626,45,0
1457258668,45,0
1457258753,45,0
1457258778,45,0
1457258831,45,0
1457258929,45,0
1457258958,45,0
1457258985,45,0
1457259011,45,0
1457259678,24,0
1457259799,24,0
1457259808,24,0
1457259819,45,0
1457259954,42,0
1457260556,45,0
1457261280,45,0
1457261424,45,0
1457262081,24,0
1457264828,24,0
1457265006,24,0
1457265367,24,0
1457265592,24,0
1457265752,24,0
1457266076,24,0
1457267094,24,0
1457268752,38,0
1457276445,43,0
1457278959,16,0
1457279426,16,0
1457279583,16,0
1457279583,16,0
1457281451,38,0
1457289470,48,0
1457290102,37,0
1457291171,24,0
1457291629,48,0
1457291737,24,0
1457291883,24,0
1457292381,24,0
1457292532,48,0
1457292773,24,0
1457292831,24,0
1457294341,2,0
1457294349,2,0
1457294616,43,0
1457296630,45,0
1457296731,45,0
1457296778,45,0
1457296911,45,0
1457297230,18,0
1457297429,45,0
1457299141,24,0
1457299588,42,0
1457300997,24,0
1457301016,37,0
1457301706,45,0
1457301719,45,0
1457301897,45,0
1457302303,2,0
1457302486,24,0
1457302643,2,0
1457303678,45,0
1457304149,45,0
1457304788,18,0
1457304892,18,0
1457304906,45,0
1457305119,49,0
1457306162,42,0
1457308041,18,0
1457308339,45,0
1457310235,18,0
1457310715,45,0
1457310977,45,0
1457313041,42,0
1457314706,18,0
1457316253,45,0
1457316594,18,0
1457317225,24,0
1457317288,24,0
1457318051,24,0
1457318154,24,0
1457318206,24,0
1457319229,37,0
1457320395,18,0
1457321951,24,0
1457322017,24,0
1457322260,37,0
1457322388,45,0
1457322950,45,0
1457323878,48,0
1457324388,49,0
1457328108,45,0
1457331774,42,0
1457331919,26,0
1457335306,42,0
1457336124,47,0
1457341881,24,0
1457342207,24,0
1457343948,24,0
1457345763,24,0
1457347714,48,0
1457355607,18,0
1457355776,18,0
1457355879,38,0
1457358481,38,0
1457358504,43,0
1457360304,45,0
1457360395,45,0
1457363414,37,0
1457363424,37,0
1457363846,45,0
1457364080,37,0
1457364188,45,0
1457364241,45,0
1457364478,45,0
1457365010,45,0
1457365520,45,0
1457365558,45,0
1457365971,45,0
1457366026,45,0
1457366387,45,0
1457366600,45,0
1457366748,45,0
1457366764,45,0
1457366826,45,0
1457366964,45,0
1457367018,45,0
1457367068,45,0
1457367166,45,0
1457367219,45,0
1457367246,45,0
1457367367,45,0
1457369046,45,0
1457369255,45,0
1457369267,45,0
1457370151,45,0
1457370176,45,0
1457370525,45,0
1457370593,45,0
1457370855,45,0
1457373532,49,0
1457373701,26,0
1457373844,5,0
1457376111,10,0
1457378921,24,0
1457379095,24,0
1457379879,38,0
1457381908,49,0
1457382722,2,0
1457386243,2,0
1457387313,48,0
1457388525,8,0
1457388688,8,0
1457389304,37,0
1457389866,10,0
1457389972,43,0
1457390280,43,0
1457390362,24,0
1457390658,48,0
1457393827,2,0
1457394218,38,0
1457396230,47,0
1457396599,47,0
1457396681,47,0
1457396799,2,0
1457396834,2,0
1457398236,47,0
1457398824,24,0
1457398970,24,0
1457398983,8,0
1457399191,8,0
1457399291,24,0
1457399321,24,0
1457399350,24,0
1457399396,24,0
1457399442,24,0
1457399551,24,0
1457399819,47,0
1457399836,47,0
1457399887,47,0
1457399980,47,0
1457400247,47,0
1457400281,47,0
1457403759,2,0
1457404244,47,0
1457404280,47,0
1457404293,45,0
1457404311,38,0
1457405418,42,0
1457405431,42,0
1457405452,42,0
1457405464,42,0
1457405770,42,0
1457405897,2,0
1457405961,42,0
1457406082,42,0
1457406260,42,0
1457406359,42,0
1457406503,42,0
1457406662,2,0
1457406667,42,0
1457406705,47,0
1457406771,42,0
1457406863,42,0
1457407051,42,0
1457407259,47,0
1457408346,47,0
1457408698,47,0
1457409634,42,0
1457409662,42,0
1457409667,42,0
1457409809,47,0
1457410113,42,0
1457410161,42,0
1457410444,42,0
1457410557,1,0
1457411027,42,0
1457411137,42,0
1457411339,42,0
1457411387,42,0
1457411424,45,0
1457411441,42,0
1457411706,45,0
1457411798,45,0
1457411894,5,0
1457411903,45,0
1457411914,42,0
1457411939,42,0
1457412033,45,0
1457412056,45,0
1457413185,47,0
1457415037,48,0
1457415233,26,0
1457416942,48,0
1457417015,42,0
1457417245,42,0
1457417598,42,0
1457417662,42,0
1457418197,36,0
1457418276,36,0
1457418387,42,0
1457418687,42,0
1457418701,42,0
1457418939,42,0
1457418949,42,0
1457418975,42,0
1457419072,42,0
1457419132,42,0
1457419182,42,0
1457419385,42,0
1457419761,42,0
1457420216,42,0
1457420772,42,0
1457420821,42,0
1457420918,42,0
1457421060,42,0
1457421198,42,0
1457421284,42,0
1457421839,42,0
1457422152,42,0
1457422489,42,0
1457423097,24,0
1457425703,47,0
1457431399,42,0
1457431402,42,0
1457431557,42,0
1457431635,42,0
1457431651,42,0
1457431669,42,0
1457431726,42,0
1457431768,42,0
1457431773,42,0
1457431873,42,0
1457432262,42,0
1457432403,42,0
1457432598,42,0
1457433913,42,0
1457436992,35,0
1457437304,5,0
1457437393,42,0
1457437500,42,0
1457437671,24,0
1457445490,47,0
1457446028,36,0
1457446061,36,0
1457447370,37,0
1457447571,45,0
1457447580,45,0
1457447590,45,0
1457447646,37,0
1457448597,38,0
1457449399,18,0
1457449764,37,0
1457449914,18,0
1457450958,18,0
1457451011,18,0
1457451380,5,0
1457452599,45,0
1457452682,45,0
1457453134,48,0
1457453135,45,0
1457453259,45,0
1457453591,45,0
1457456211,49,0
1457460736,5,0
1457465363,43,0
1457468241,2,0
1457468252,2,0
1457468889,26,0
1457469703,2,0
1457469820,49,0
1457472917,2,0
1457473169,45,0
1457473234,45,0
1457473850,5,0
1457474313,8,0
1457474322,8,0
1457474447,45,0
1457474454,45,0
1457474577,8,0
1457474665,8,0
1457475162,45,0
1457475193,45,0
1457475425,8,0
1457476646,48,0
1457476943,48,0
1457477156,2,0
1457477161,2,0
1457480341,2,0
1457481157,24,0
1457481182,24,0
1457481194,8,0
1457481491,24,0
1457481494,24,0
1457481642,24,0
1457481678,24,0
1457482422,24,0
1457482882,45,0
1457483130,45,0
1457483437,42,0
1457483604,42,0
1457483631,42,0
1457483675,42,0
1457483752,42,0
1457483758,42,0
1457483800,42,0
1457483834,42,0
1457484292,2,0
1457484358,2,0
1457484542,24,0
1457484705,24,0
1457484732,24,0
1457484737,2,0
1457484776,45,0
1457485045,24,0
1457485095,24,0
1457485113,24,0
1457485566,24,0
1457486293,24,0
1457486595,24,0
1457486898,2,0
1457487268,26,0
1457487304,10,0
1457487543,45,0
1457487755,24,0
1457487792,24,0
1457487894,48,0
1457488330,24,0
1457488356,38,0
1457488375,42,0
1457489492,45,0
1457489523,45,0
1457489579,45,0
1457489709,45,0
1457489872,45,0
1457490789,45,0
1457490816,45,0
1457491471,8,0
1457491670,8,0
1457492340,8,0
1457493065,8,0
1457493818,8,0
1457493864,42,0
1457494294,26,0
1457495362,42,0
1457496530,42,0
1457498420,48,0
1457499474,35,0
1457500228,45,0
1457500347,45,0
1457500789,45,0
1457500789,45,0
1457501345,45,0
1457501984,45,0
1457502237,45,0
1457503752,24,0
1457503766,24,0
1457503826,24,0
1457504068,24,0
1457504960,26,0
1457505045,26,0
1457505567,24,0
1457505815,24,0
1457505831,24,0
1457506003,24,0
1457507656,42,0
1457508122,26,0
1457508706,26,0
1457508786,42,0
1457508823,42,0
1457509733,19,0
1457511295,19,0
1457513787,24,0
1457514105,24,0
1457514196,24,0
1457514259,24,0
1457514381,24,0
1457514544,24,0
1457515106,10,0
1457515460,42,0
1457516013,24,0
1457517046,24,0
1457517177,24,0
1457517276,24,0
1457517293,24,0
1457517392,24,0
1457517401,24,0
1457518338,24,0
1457518584,24,0
1457519049,24,0
1457519263,24,0
1457519370,24,0
1457519683,24,0
1457519958,24,0
1457520272,24,0
1457520347,24,0
1457520409,24,0
1457520454,24,0
1457520607,36,0
1457520625,24,0
1457520751,24,0
1457520900,47,0
1457520921,24,0
1457520973,24,0
1457521053,24,0
1457521345,24,0
1457521472,24,0
1457521761,24,0
1457521841,24,0
1457521877,26,0
1457521895,5,0
1457521925,24,0
1457521967,24,0
1457523056,24,0
1457523504,24,0
1457524767,47,0
1457524881,26,0
1457527735,24,0
1457529701,27,0
1457529701,27,0
1457530110,26,0
1457531900,38,0
1457536586,38,0
1457539830,45,0
1457539946,45,0
1457542063,5,0
1457542449,30,0
1457542454,30,0
1457542478,30,0
1457542619,30,0
1457543492,30,0
1457544968,2,0
1457544972,2,0
1457544995,2,0
1457547785,30,0
1457547817,30,0
1457547827,5,0
1457547847,30,0
1457547879,30,0
1457547899,30,0
1457547906,30,0
1457547932,30,0
1457547943,30,0
1457547966,30,0
1457551322,8,0
1457551350,8,0
1457552117,36,0
1457552192,36,0
1457552234,36,0
1457552325,30,0
1457552970,8,0
1457552990,8,0
1457554331,30,0
1457554335,30,0
1457554348,30,0
1457554353,30,0
1457554356,30,0
1457554367,30,0
1457555194,26,0
1457555514,30,0
1457555525,30,0
1457555531,30,0
1457555533,30,0
1457555550,30,0
1457555553,30,0
1457555940,5,0
1457557403,30,0
1457557416,30,0
1457558242,26,0
1457559162,47,0
1457559508,24,0
1457559819,24,0
1457559945,24,0
1457559965,24,0
1457560105,24,0
1457560114,26,0
1457560143,24,0
1457563371,47,0
1457564894,42,0
1457564901,42,0
1457568465,43,0
1457568642,2,0
1457568677,2,0
1457568786,2,0
1457569435,19,0
1457569520,42,0
1457569967,42,0
1457570432,42,0
1457572134,42,0
1457575249,26,0
1457575579,45,0
1457575752,45,0
1457576017,45,0
1457576394,45,0
1457576394,45,0
1457576772,26,0
1457577568,26,0
1457577994,49,0
1457578491,5,0
1457581065,42,0
1457581143,45,0
1457581299,42,0
1457581862,18,0
1457582183,1,0
1457582183,1,0
1457582319,2,0
1457582744,45,0
1457583779,45,0
1457584491,45,0
1457585274,48,0
1457585303,49,0
1457585627,45,0
1457585930,45,0
1457586202,45,0
1457586947,45,0
1457587034,43,0
1457587068,24,0
1457587202,45,0
1457587368,24,0
1457587446,24,0
1457587476,45,0
1457587637,45,0
1457587680,45,0
1457587958,45,0
1457588703,35,1
1457588820,35,0
1457588883,35,0
1457588962,35,0
1457588962,35,0
1457589671,45,0
1457589709,45,0
1457589768,45,0
1457589844,45,0
1457589903,45,0
1457589976,45,0
1457590347,18,0
1457592342,5,0
1457594313,26,0
1457594435,42,0
1457594846,42,0
1457597460,38,0
1457601596,26,0
1457601857,47,0
1457602362,47,0
1457602484,47,0
1457602602,48,0
1457602792,47,0
1457603209,24,0
1457603372,24,0
1457603494,24,0
1457603551,24,0
1457603684,47,0
1457604223,48,0
1457604388,24,0
1457604480,24,0
1457604490,47,0
1457606330,42,0
1457606631,37,0
1457607649,42,0
1457608246,43,0
1457608558,43,0
1457610292,37,0
1457610328,37,0
1457610382,37,0
1457610422,37,0
1457611344,42,0
1457612784,47,0
1457615331,30,0
1457615348,30,0
1457615373,30,0
1457615388,30,0
1457615398,30,0
1457615425,30,0
1457615431,30,0
1457615478,30,0
1457615488,30,0
1457615493,30,0
1457615500,30,0
1457615515,30,0
1457615524,30,0
1457615536,30,0
1457615540,30,0
1457615547,30,0
1457615590,30,0
1457615859,10,0
1457616433,30,0
1457616450,30,0
1457616455,30,0
1457616940,10,0
1457616942,30,0
1457616946,30,0
1457616950,30,0
1457616955,30,0
1457616977,30,0
1457617080,30,0
1457617090,30,0
1457617100,30,0
1457617231,30,0
1457617247,30,0
1457617377,30,0
1457617387,30,0
1457617436,30,0
1457617458,30,0
1457618353,30,0
1457618372,30,0
1457618637,30,0
1457618711,30,0
1457618846,10,0
1457619911,42,0
1457621302,45,0
1457621511,45,0
1457621702,45,0
1457621814,45,0
1457622973,26,0
1457623077,5,0
1457624762,30,0
1457624875,30,0
1457624952,30,0
1457624952,30,0
1457625535,45,0
1457626082,45,0
1457626161,45,0
1457626192,45,0
1457626216,30,0
1457626239,30,0
1457626242,30,0
1457626245,30,0
1457626248,30,0
1457626369,45,0
1457626417,45,0
1457626538,45,0
1457626593,45,0
1457626619,45,0
1457626744,45,0
1457626824,45,0
1457627105,45,0
1457627145,45,0
1457627382,45,0
1457627394,45,0
1457627420,45,0
1457627450,45,0
1457627459,45,0
1457627495,45,0
1457627875,37,0
1457629296,30,0
1457629326,30,0
1457629331,30,0
1457629394,30,0
1457629421,30,0
1457630791,49,0
1457631195,24,0
1457631368,24,0
1457631433,24,0
1457631487,24,0
1457631638,24,0
1457631721,24,0
1457631854,24,0
1457631956,24,0
1457632082,24,0
1457632125,49,0
1457632184,24,0
1457632286,24,0
1457632409,24,0
1457632489,24,0
1457632578,24,0
1457632800,24,0
1457634020,30,0
1457641560,48,0
1457642110,2,0
1457642658,2,0
1457645167,48,0
1457645271,24,0
1457645342,24,0
1457646769,45,0
1457647113,2,0
1457647315,42,0
1457651542,26,0
1457652695,37,0
1457652835,37,0
1457652988,26,0
1457653535,2,0
1457653547,2,0
1457653681,37,0
1457654835,26,0
1457657505,2,0
1457657628,24,0
1457657793,24,0
1457657821,24,0
1457657964,24,0
1457658101,24,0
1457658242,24,0
1457658262,24,0
1457658527,24,0
1457658804,24,0
1457658989,24,0
1457659007,24,0
1457659159,24,0
1457659207,24,0
1457660834,37,0
1457660836,37,0
1457660995,24,0
1457661108,8,0
1457661115,8,0
1457661131,8,0
1457661139,8,0
1457661157,2,0
1457661176,8,0
1457661255,8,0
1457661259,24,0
1457661269,8,0
1457661283,8,0
1457661291,8,0
1457661299,8,0
1457664017,2,0
1457664135,2,0
1457665807,49,0
1457666023,42,0
1457667278,26,0
1457668384,26,0
1457669148,45,0
1457669178,45,0
1457669617,45,0
1457669750,45,0
1457669864,45,0
1457669911,45,0
1457670184,12,0
1457672255,45,0
1457673832,5,0
1457673877,5,0
1457674859,26,0
1457675837,26,0
1457675939,42,0
1457677842,36,0
1457678163,26,0
1457679048,42,0
1457679194,26,0
1457679292,26,0
1457679304,42,0
1457682089,42,0
1457682267,38,0
1457682497,45,0
1457683151,42,0
1457683235,26,0
1457683285,45,0
1457683343,42,0
1457683353,42,0
1457683599,45,0
1457683737,45,0
1457683743,45,0
1457684946,42,0
1457685297,49,0
1457685400,47,0
1457685531,47,0
1457687515,47,0
1457688431,42,0
1457692774,24,0
1457693085,24,0
1457693603,24,0
1457693671,24,0
1457693737,24,0
1457696088,30,0
1457696152,30,0
1457696172,30,0
1457696186,30,0
1457696438,30,0
1457696678,30,0
1457696689,30,0
1457696692,30,0
1457696727,30,0
1457696908,26,0
1457697700,24,0
1457698812,30,0
1457698897,30,0
1457698933,30,0
1457698940,30,0
1457698972,30,0
1457698979,5,0
1457699713,24,0
1457699791,24,0
1457702617,49,0
1457705452,10,0
1457706904,45,0
1457706971,30,0
1457706976,30,0
1457706977,30,0
1457706989,30,0
1457706989,30,0
1457707024,30,0
1457707024,30,0
1457707028,30,0
1457707203,30,0
1457707741,2,0
1457707772,45,0
1457708389,45,0
1457709180,5,0
1457710381,38,0
1457710449,2,0
1457712086,37,0
1457712235,45,0
1457712277,45,0
1457712338,45,0
1457712812,45,0
1457712829,45,0
1457713710,30,0
1457713710,30,0
1457713728,30,0
1457713733,30,0
1457713805,30,0
1457716841,2,0
1457716870,2,0
1457716925,2,0
1457716941,2,0
1457717856,36,0
1457717957,36,0
1457718068,36,0
1457719169,2,0
1457719779,37,0
1457720022,37,0
1457720453,37,0
1457720477,2,0
1457720505,37,0
1457720526,37,0
1457720560,37,0
1457720579,37,0
1457721113,30,0
1457721127,30,0
1457721129,30,0
1457721162,30,0
1457721220,30,0
1457722758,5,0
1457724701,30,0
1457724763,30,0
1457724787,30,0
1457724985,30,0
1457725012,30,0
1457725044,30,0
1457725061,30,0
1457725077,30,0
1457725088,30,0
1457725094,30,0
1457725097,30,0
1457725118,30,0
1457725132,30,0
1457725906,30,0
1457725940,30,0
1457725946,30,0
1457727529,30,0
1457727592,30,0
1457727604,30,0
1457727609,30,0
1457727649,30,0
1457727683,30,0
1457727694,30,0
1457727717,30,0
1457727727,30,0
1457727737,30,0
1457728094,26,0
1457728753,26,0
1457730051,2,0
1457731231,38,0
1457731399,36,0
1457733936,2,0
1457734350,26,0
1457734354,2,0
1457736104,10,0
1457737238,26,0
1457740205,42,0
1457740519,10,0
1457742627,42,0
1457742795,26,0
1457744847,12,0
1457744847,12,0
1457748144,2,0
1457753156,42,0
1457753288,18,0
1457753288,18,0
1457754638,26,0
1457754706,42,0
1457755584,49,0
1457759711,24,0
1457759790,42,0
1457763744,26,0
1457766305,19,0
1457766305,19,0
1457766419,26,0
1457771414,26,0
1457771810,47,0
1457771956,47,0
1457774224,47,0
1457774322,38,0
1457779229,24,0
1457782011,24,0
1457783388,10,0
1457783855,47,0
1457783855,47,0
1457784012,26,0
1457789156,36,0
1457789236,36,0
1457789390,36,0
1457789880,24,0
1457790295,10,0
1457790295,10,0
1457790980,26,0
1457791531,42,0
1457791959,42,0
1457793264,43,0
1457796060,48,0
1457798074,37,0
1457799164,26,0
1457799284,2,0
1457799615,24,0
1457800460,49,0
1457802279,38,0
1457802845,2,0
1457804544,38,0
1457804544,38,0
1457808155,30,0
1457808159,30,0
1457808160,30,0
1457808163,30,0
1457808165,30,0
1457808250,30,0
1457808302,30,0
1457808325,30,0
1457808340,30,0
1457808343,30,0
1457808357,30,0
1457808363,30,0
1457808368,30,0
1457808371,30,0
1457808373,30,0
1457808375,30,0
1457808380,30,0
1457808384,30,0
1457808390,30,0
1457808397,30,0
1457808398,30,0
1457808406,30,0
1457808421,30,0
1457808428,30,0
1457808445,30,0
1457808461,30,0
1457808464,30,0
1457808469,30,0
1457813634,48,0
1457815436,49,0
1457815469,30,0
1457815475,30,0
1457815485,30,0
1457815570,30,0
1457815679,30,0
1457815777,37,0
1457815777,37,0
1457817901,26,0
1457818067,30,0
1457818081,30,0
1457818095,30,0
1457818152,30,0
1457818152,30,0
1457818308,7,0
1457818308,7,0
1457818431,24,0
1457818709,24,0
1457818762,24,0
1457818821,48,0
1457818970,24,0
1457819729,24,0
1457823027,8,0
1457823824,42,0
1457823825,42,0
1457823829,42,0
1457823864,45,0
1457823879,45,0
1457824089,45,0
1457824144,45,0
1457824309,45,0
1457825806,45,0
1457825812,45,0
1457825999,45,0
1457826224,45,0
1457826355,5,0
1457827317,42,0
1457827865,42,0
1457827886,24,0
1457827947,24,0
1457828005,24,0
1457828331,24,0
1457828427,24,0
1457828502,24,0
1457829145,24,0
1457829526,24,0
1457833362,8,0
1457833402,8,0
1457836560,8,0
1457836560,8,0
1457838158,48,0
1457838158,48,0
1457838213,42,0
1457838452,36,0
1457838452,36,0
1457838706,36,0
1457838730,36,0
1457838744,36,0
1457838760,36,0
1457838760,36,0
1457840310,5,0
1457840310,5,0
1457842294,42,0
1457842825,45,0
1457843713,45,0
1457844222,45,0
1457844223,45,0
1457844394,45,0
1457844394,45,0
1457846241,24,0
1457846295,24,0
1457846632,42,0
1457846632,42,0
1457846816,24,0
1457847563,24,0
1457847877,2,0
1457847877,2,0
1457847913,43,0
1457848178,24,0
1457848894,24,0
1457848995,49,0
1457849348,24,0
1457849842,26,0
1457850109,24,0
1457850180,24,0
1457850300,24,0
1457850580,24,0
1457851259,24,0
1457851649,24,0
1457851649,24,0
1457854395,43,0
1457854395,43,0
1457855021,26,0
1457855429,49,0
1457855429,49,0
1457856470,26,0
1457856470,26,0
