1453978618,12,0
1453979185,12,0
1453984716,19,0
1453984797,19,0
1453984799,19,0
1453984800,19,0
1453984803,19,0
1453984804,19,0
1453984806,19,0
1453984809,19,0
1453984951,19,0
1453986977,19,0
1453987651,19,0
1453987714,19,0
1453989290,18,0
1453991269,19,0
1453991276,19,0
1453998446,9,0
1453998896,9,0
1454002748,41,0
1454003727,21,0
1454003935,5,0
1454003970,49,0
1454004118,49,0
1454004152,41,0
1454004230,49,0
1454004559,49,0
1454004781,49,0
1454005083,50,0
1454005443,49,0
1454007949,17,0
1454008995,29,0
1454009402,33,0
1454011408,27,0
1454011795,5,0
1454012163,20,0
1454012984,20,0
1454013780,27,0
1454014703,35,0
1454015105,29,0
1454016134,49,0
1454017151,29,0
1454017219,18,0
1454017490,49,0
1454018433,17,0
1454020834,15,0
1454023656,50,0
1454024823,20,0
1454024929,15,0
1454025327,21,0
1454025428,49,0
1454027134,25,0
1454028204,27,0
1454028302,33,0
1454028718,27,0
1454029896,49,0
1454032128,14,0
1454033339,51,0
1454033349,51,0
1454033364,51,0
1454033541,19,0
1454033858,33,0
1454035096,51,0
1454036471,35,0
1454036490,25,0
1454036694,35,0
1454036912,5,0
1454037183,19,0
1454037450,5,0
1454037453,5,0
1454037456,5,0
1454037748,27,0
1454037804,47,0
1454038120,47,0
1454038162,47,0
1454038203,47,0
1454038260,47,0
1454038301,47,0
1454038391,47,0
1454038901,27,0
1454038958,27,0
1454039546,25,0
1454041008,5,0
1454041138,5,0
1454041162,5,0
1454041166,26,0
1454041416,5,0
1454042819,49,0
1454043114,49,0
1454043831,45,0
1454044008,26,0
1454046261,29,0
1454047427,49,0
1454047501,29,0
1454048097,29,0
1454048237,29,0
1454052556,41,0
1454052632,23,0
1454053979,29,0
1454054758,29,0
1454055101,29,0
1454055434,29,0
1454055585,25,0
1454055809,29,0
1454057332,41,0
1454057543,51,0
1454058065,41,0
1454062433,33,0
1454063203,33,0
1454063259,27,0
1454063523,27,0
1454064324,51,0
1454064674,33,0
1454064716,33,0
1454067044,46,0
1454067054,27,0
1454067059,46,0
1454067070,46,0
1454067079,46,0
1454067093,46,0
1454067103,46,0
1454067112,46,0
1454067114,27,0
1454067121,46,0
1454067133,46,0
1454067143,46,0
1454067154,46,0
1454067167,46,0
1454067176,46,0
1454067186,46,0
1454067195,46,0
1454067204,46,0
1454067214,46,0
1454067224,46,0
1454067235,46,0
1454067245,46,0
1454067255,46,0
1454067264,46,0
1454067274,46,0
1454067285,46,0
1454067334,46,0
1454067345,46,0
1454067368,46,0
1454067391,46,0
1454067484,46,0
1454067513,46,0
1454067519,46,0
1454067570,46,0
1454067632,46,0
1454067654,46,0
1454067763,46,0
1454067785,46,0
1454067806,46,0
1454067819,46,0
1454067904,46,0
1454067932,46,0
1454067974,46,0
1454068014,46,0
1454068043,46,0
1454068077,46,0
1454068123,46,0
1454068154,46,0
1454068421,46,0
1454068462,46,0
1454068620,46,0
1454068683,46,0
1454068792,46,0
1454070830,46,0
1454071170,35,0
1454071703,19,0
1454072443,19,0
1454074385,19,0
1454080247,19,0
1454080488,19,0
1454083466,19,0
1454083473,19,0
1454085774,33,0
1454087263,33,0
1454088926,17,0
1454089250,5,0
1454091040,33,0
1454091044,21,0
1454091230,41,0
1454091362,41,0
1454091478,41,0
1454091541,41,0
1454091572,41,0
1454091633,41,0
1454091681,41,0
1454091816,41,0
1454091865,49,0
1454091969,41,0
1454092137,41,0
1454092276,5,0
1454093000,11,0
1454093081,11,0
1454093098,11,0
1454093101,33,0
1454093103,11,0
1454094023,21,0
1454096331,15,0
1454097645,14,0
1454097964,25,0
1454099397,26,0
1454099938,26,0
1454100286,18,0
1454100537,26,0
1454100556,26,0
1454100656,11,0
1454100978,27,0
1454101020,27,0
1454101112,27,0
1454101177,27,0
1454101333,11,0
1454102188,11,0
1454102436,11,0
1454102497,49,0
1454102652,18,0
1454102871,19,0
1454102982,23,0
1454103262,18,0
1454103403,23,0
1454103832,33,0
1454103914,18,0
1454104079,11,0
1454104308,18,0
1454104801,18,0
1454104819,33,0
1454106361,27,0
1454106392,51,0
1454108168,27,0
1454108184,27,0
1454109507,51,0
1454111730,21,0
1454112009,33,0
1454112175,49,0
1454112231,18,0
1454114241,27,0
1454114248,27,0
1454114929,18,0
1454114932,49,0
1454115636,27,0
1454117758,33,0
1454119089,14,0
1454119176,49,0
1454119532,25,0
1454119764,29,0
1454119873,29,0
1454119891,29,0
1454120108,18,0
1454120585,29,0
1454120613,29,0
1454121550,29,0
1454121600,29,0
1454123317,19,0
1454123384,19,0
1454123423,19,0
1454123449,19,0
1454123526,19,0
1454123536,19,0
1454123720,29,0
1454123730,29,0
1454124554,23,0
1454124561,23,0
1454124698,23,0
1454124879,19,0
1454124885,19,0
1454124887,19,0
1454125099,29,0
1454125926,29,0
1454125942,29,0
1454125944,29,0
1454126442,29,0
1454126446,29,0
1454127217,19,0
1454127782,9,0
1454127785,9,0
1454129173,27,0
1454130112,29,0
1454131195,49,0
1454134229,41,0
1454135632,5,0
1454136841,29,0
1454140154,23,0
1454141135,27,0
1454142880,29,0
1454142883,29,0
1454142906,29,0
1454142991,29,0
1454144582,29,0
1454146439,29,0
1454146591,29,0
1454146777,29,0
1454147664,51,0
1454153363,12,0
1454153397,27,0
1454154693,12,0
1454154708,12,0
1454154738,12,0
1454154750,12,0
1454154808,12,0
1454157300,12,0
1454159289,12,0
1454159315,12,0
1454159326,12,0
1454159505,12,0
1454159540,12,0
1454159610,12,0
1454159684,12,0
1454159694,12,0
1454159727,12,0
1454159774,12,0
1454160290,12,0
1454160355,12,0
1454160370,12,0
1454160376,12,0
1454160485,12,0
1454160513,12,0
1454160530,12,0
1454160545,12,0
1454160619,12,0
1454160709,12,0
1454160807,12,0
1454160838,12,0
1454160889,12,0
1454160904,12,0
1454160952,12,0
1454160969,12,0
1454160981,12,0
1454161003,12,0
1454161010,12,0
1454161045,12,0
1454161090,12,0
1454161103,12,0
1454163099,19,0
1454163183,19,0
1454163418,12,0
1454163485,12,0
1454164419,12,0
1454165826,20,0
1454166735,20,0
1454167622,11,0
1454175108,49,0
1454175879,49,0
1454176294,49,0
1454177294,17,0
1454177839,16,0
1454178141,41,0
1454178619,17,0
1454179381,5,0
1454179677,49,0
1454180730,14,0
1454180823,11,0
1454180827,11,0
1454180835,11,0
1454180838,11,0
1454181329,19,0
1454181405,17,0
1454181558,11,0
1454181612,11,0
1454182327,11,0
1454182330,11,0
1454182408,26,0
1454182412,26,0
1454182658,11,0
1454182754,11,0
1454182811,11,0
1454183116,11,0
1454183141,11,0
1454183188,11,0
1454183469,11,0
1454183652,11,0
1454183692,11,0
1454183701,11,0
1454183864,11,0
1454184060,49,0
1454184235,11,0
1454184264,11,0
1454184613,27,0
1454184622,11,0
1454184694,27,0
1454184958,11,0
1454185106,26,0
1454185392,11,0
1454185564,11,0
1454185681,11,0
1454185882,21,0
1454186062,11,0
1454186091,11,0
1454186221,5,0
1454186311,5,0
1454186889,11,0
1454186904,11,0
1454186933,11,0
1454187233,11,0
1454187752,5,0
1454187757,11,0
1454188060,11,0
1454188146,11,0
1454188241,5,0
1454188335,11,0
1454188385,11,0
1454188391,11,0
1454188404,11,0
1454188619,26,0
1454188650,11,0
1454188684,21,0
1454188719,11,0
1454188847,11,0
1454188919,11,0
1454189029,11,0
1454189079,11,0
1454189083,11,0
1454189178,11,0
1454189278,11,0
1454189493,11,0
1454189707,11,0
1454189769,11,0
1454189804,11,0
1454189822,18,0
1454189966,26,0
1454190017,11,0
1454190182,11,0
1454190217,11,0
1454190227,11,0
1454190293,11,0
1454191289,11,0
1454191379,11,0
1454191427,11,0
1454191431,11,0
1454191441,11,0
1454191454,11,0
1454191492,11,0
1454191496,11,0
1454191503,11,0
1454191503,50,0
1454191525,11,0
1454191543,11,0
1454191554,11,0
1454191575,11,0
1454191971,51,0
1454192450,51,0
1454192610,11,0
1454192830,11,0
1454192989,11,0
1454193004,11,0
1454193007,11,0
1454193418,19,0
1454193427,19,0
1454194454,18,0
1454194544,18,0
1454195058,18,0
1454195234,26,0
1454195937,18,0
1454199130,47,0
1454199185,47,0
1454199258,47,0
1454199317,47,0
1454199321,47,0
1454199325,47,0
1454199345,47,0
1454199384,47,0
1454199409,47,0
1454199422,47,0
1454199426,47,0
1454199516,47,0
1454199521,47,0
1454199533,47,0
1454199538,26,0
1454199540,47,0
1454199642,47,0
1454199646,47,0
1454199667,47,0
1454199767,47,0
1454199779,47,0
1454199931,47,0
1454199985,47,0
1454200200,47,0
1454200235,47,0
1454200683,18,0
1454201448,41,0
1454201703,18,0
1454201743,41,0
1454204574,27,0
1454205089,44,0
1454205167,44,0
1454205223,44,0
1454207235,18,0
1454207424,46,0
1454207974,25,0
1454208271,27,0
1454209761,5,0
1454210080,47,0
1454210102,47,0
1454210141,47,0
1454210783,51,0
1454210800,51,0
1454211493,47,0
1454211592,47,0
1454211704,49,0
1454211732,5,0
1454211959,47,0
1454212040,44,0
1454212191,44,0
1454212312,47,0
1454212336,47,0
1454212489,47,0
1454212572,47,0
1454212725,47,0
1454212817,47,0
1454213110,47,0
1454215453,19,0
1454215602,19,0
1454216395,19,0
1454216692,50,0
1454217026,5,0
1454217346,51,0
1454218630,51,0
1454222036,27,0
1454223603,47,0
1454223663,47,0
1454223671,47,0
1454223680,47,0
1454223725,47,0
1454224060,47,0
1454224198,29,0
1454224847,47,0
1454225164,47,0
1454225172,47,0
1454225185,47,0
1454226228,47,0
1454226743,47,0
1454226774,47,0
1454227063,47,0
1454227186,49,0
1454228254,49,0
1454229085,41,0
1454229127,41,0
1454231196,41,0
1454232074,4,0
1454235475,27,0
1454236631,51,0
1454243442,12,0
1454243452,12,0
1454243459,12,0
1454245858,11,0
1454245922,11,0
1454246099,19,0
1454246128,11,0
1454246437,11,0
1454246484,11,0
1454246546,11,0
1454246912,11,0
1454247191,11,0
1454247426,11,0
1454247635,11,0
1454247638,11,0
1454247782,19,0
1454247995,11,0
1454248285,11,0
1454248290,11,0
1454248830,11,0
1454248888,11,0
1454249010,11,0
1454249422,44,0
1454250516,19,0
1454250672,23,0
1454253467,44,0
1454254132,11,0
1454254758,19,0
1454259008,16,0
1454262152,41,0
1454262450,41,0
1454263012,41,0
1454263362,41,0
1454263441,41,0
1454263668,41,0
1454263743,41,0
1454263872,47,0
1454263883,47,0
1454263901,47,0
1454263913,47,0
1454263919,41,0
1454264193,41,0
1454264195,47,0
1454264255,41,0
1454264284,41,0
1454264522,47,0
1454264576,17,0
1454264762,17,0
1454264769,47,0
1454264778,47,0
1454264859,47,0
1454265353,47,0
1454265543,47,0
1454265757,47,0
1454265758,18,0
1454265933,47,0
1454266031,18,0
1454266049,47,0
1454266058,47,0
1454266270,19,0
1454267515,11,0
1454267665,19,0
1454268993,11,0
1454269075,19,0
1454270199,11,0
1454271589,5,0
1454271654,11,0
1454272275,21,0
1454272503,11,0
1454273895,11,0
1454275237,11,0
1454275241,11,0
1454275244,11,0
1454275250,11,0
1454275256,11,0
1454275260,11,0
1454275264,11,0
1454275268,11,0
1454275272,11,0
1454275278,11,0
1454275281,11,0
1454275287,11,0
1454275301,11,0
1454275331,11,0
1454275335,11,0
1454275868,27,0
1454275876,27,0
1454275945,27,0
1454275999,27,0
1454276892,27,0
1454278093,49,0
1454278238,49,0
1454278546,51,0
1454278832,49,0
1454279240,19,0
1454279312,49,0
1454279746,19,0
1454280174,19,0
1454280375,29,0
1454280490,29,0
1454280616,29,0
1454280672,19,0
1454280674,19,0
1454280693,19,0
1454281768,29,0
1454281786,29,0
1454282875,5,0
1454282926,19,0
1454283011,5,0
1454283160,5,0
1454283234,19,0
1454283752,19,0
1454283835,19,0
1454283920,19,0
1454283942,19,0
1454283982,19,0
1454284099,19,0
1454284216,19,0
1454284414,19,0
1454284429,19,0
1454284513,18,0
1454284720,18,0
1454284804,33,0
1454285226,49,0
1454287027,49,0
1454287749,19,0
1454287858,19,0
1454288182,19,0
1454288368,27,0
1454288792,18,0
1454289072,49,0
1454289696,19,0
1454289816,19,0
1454290054,19,0
1454290184,19,0
1454290190,49,0
1454290198,19,0
1454290211,27,0
1454291056,19,0
1454291142,19,0
1454291195,19,0
1454291243,19,0
1454293422,17,0
1454294153,49,0
1454294559,26,0
1454294695,29,0
1454294701,29,0
1454294715,29,0
1454299485,49,0
1454301695,27,0
1454302858,49,0
1454303057,49,0
1454303320,47,0
1454303404,47,0
1454303414,47,0
1454303597,47,0
1454303644,47,0
1454304857,47,0
1454304878,47,0
1454304907,47,0
1454304926,47,0
1454305062,47,0
1454305174,51,0
1454305347,29,0
1454306015,49,0
1454307828,29,0
1454307856,29,0
1454311062,46,0
1454311283,46,0
1454312418,47,0
1454312813,47,0
1454312852,47,0
1454318725,29,0
1454324456,27,0
1454324470,27,0
1454324495,27,0
1454335320,19,0
1454337316,19,0
1454339882,18,0
1454339898,18,0
1454341499,19,0
1454344932,18,0
1454345931,18,0
1454346106,19,0
1454346112,19,0
1454347411,5,0
1454347920,41,0
1454348696,5,0
1454348841,41,0
1454348878,25,0
1454349336,21,0
1454349538,41,0
1454350097,18,0
1454350242,49,0
1454350376,41,0
1454351379,29,0
1454352702,21,0
1454355472,17,0
1454355763,14,0
1454357135,33,0
1454357159,33,0
1454357282,11,0
1454357879,5,0
1454358061,33,0
1454358209,11,0
1454358229,11,0
1454358597,11,0
1454358772,11,0
1454360163,25,0
1454360223,16,0
1454361534,49,0
1454361801,25,0
1454361896,25,0
1454362380,27,0
1454366835,11,0
1454367743,27,0
1454367972,23,0
1454368075,23,0
1454368322,23,0
1454368355,47,0
1454368359,47,0
1454368482,23,0
1454368588,23,0
1454369551,11,0
1454369766,51,0
1454369918,20,0
1454370087,11,0
1454370136,11,0
1454370488,27,0
1454371526,21,0
1454372101,33,0
1454372103,15,0
1454373563,27,0
1454374119,23,0
1454374158,3,0
1454374196,3,0
1454374236,20,0
1454374444,29,0
1454376639,27,0
1454376727,27,0
1454377129,27,0
1454379090,35,0
1454380356,17,0
1454380368,17,0
1454380900,17,0
1454381457,26,0
1454382416,5,0
1454382892,18,0
1454382901,33,0
1454383766,21,0
1454383780,21,0
1454384581,45,0
1454384912,45,0
1454385178,29,0
1454385424,49,0
1454385428,49,0
1454386375,29,0
1454386789,26,0
1454386798,26,0
1454387660,29,0
1454390430,27,0
1454391465,23,0
1454392469,45,0
1454393812,29,0
1454394325,27,0
1454394494,27,0
1454394499,27,0
1454394508,27,0
1454394519,27,0
1454394529,27,0
1454394537,27,0
1454394554,27,0
1454394563,27,0
1454395202,21,0
1454395266,49,0
1454395487,27,0
1454400458,23,0
1454402851,33,0
1454403132,27,0
1454403423,23,0
1454403828,49,0
1454404449,27,0
1454405171,23,0
1454405497,29,0
1454407082,20,0
1454408231,51,0
1454409017,51,0
1454411880,27,0
1454411932,27,0
1454416029,27,0
1454426675,18,0
1454426967,18,0
1454426989,18,0
1454430169,49,0
1454435727,21,0
1454436010,33,0
1454436504,20,0
1454438792,18,0
1454438803,5,0
1454438833,5,0
1454438973,21,0
1454439548,18,0
1454439581,18,0
1454442256,14,0
1454443813,33,0
1454444002,47,0
1454444010,47,0
1454444038,11,0
1454446809,33,0
1454447545,11,0
1454447923,27,0
1454448147,11,0
1454448941,49,0
1454449111,49,0
1454449132,11,0
1454452243,11,0
1454452638,18,0
1454452983,11,0
1454453056,11,0
1454453079,49,0
1454453653,11,0
1454453656,18,0
1454453661,11,0
1454453678,18,0
1454453681,11,0
1454454574,5,0
1454454633,5,0
1454455066,51,0
1454458176,18,0
1454458195,21,0
1454458247,21,0
1454458287,21,0
1454458699,21,0
1454458825,21,0
1454459227,49,0
1454459850,15,0
1454459858,18,0
1454460371,33,0
1454461297,35,0
1454461866,44,0
1454463776,44,0
1454464161,5,0
1454465717,35,0
1454466645,35,0
1454466794,35,0
1454467252,35,0
1454467533,35,0
1454467819,35,0
1454468335,5,0
1454468484,17,0
1454468488,5,0
1454468682,35,0
1454468863,35,0
1454468878,5,0
1454468962,35,0
1454469859,35,0
1454470279,35,0
1454470743,35,0
1454472485,29,0
1454473024,49,0
1454474005,26,0
1454475103,27,0
1454477740,27,0
1454481283,49,0
1454481345,49,0
1454486409,33,0
1454487056,21,0
1454487432,21,0
1454488219,41,0
1454488905,41,0
1454492728,29,0
1454493134,51,0
1454494117,27,0
1454496969,51,0
1454508923,18,0
1454509676,35,0
1454512229,44,0
1454514154,18,0
1454514317,18,0
1454514463,41,0
1454514605,41,0
1454517614,35,0
1454517653,35,0
1454518011,18,0
1454519787,41,0
1454519916,41,0
1454520736,41,0
1454521148,41,0
1454521375,41,0
1454522131,21,0
1454522405,33,0
1454523745,5,0
1454523802,5,0
1454523977,5,0
1454524081,5,0
1454524293,51,0
1454524431,50,0
1454524603,17,0
1454524605,17,0
1454524752,50,0
1454525853,21,0
1454526096,35,0
1454527001,14,0
1454528969,18,0
1454529863,14,0
1454530177,11,0
1454530551,11,0
1454531299,51,0
1454531369,19,0
1454531402,33,0
1454533227,21,0
1454533368,5,0
1454533435,11,0
1454533472,33,0
1454534567,26,0
1454534593,26,0
1454536615,11,0
1454536666,11,0
1454537133,27,0
1454537140,11,0
1454537157,27,0
1454537185,11,0
1454539001,18,0
1454539037,46,0
1454539376,51,0
1454539522,46,0
1454539570,46,0
1454539587,46,0
1454539873,46,0
1454539947,46,0
1454540036,46,0
1454540045,46,0
1454540095,15,0
1454540101,33,0
1454540195,46,0
1454540416,46,0
1454540578,46,0
1454542033,35,0
1454542168,35,0
1454542406,35,0
1454543215,23,0
1454544650,21,0
1454544923,27,0
1454545143,47,0
1454545163,47,0
1454545177,47,0
1454545185,47,0
1454545219,47,0
1454545225,47,0
1454545246,47,0
1454545252,5,0
1454545271,47,0
1454545297,47,0
1454545330,5,0
1454545351,47,0
1454545381,47,0
1454545406,47,0
1454545410,5,0
1454545424,47,0
1454545600,47,0
1454545615,47,0
1454545636,47,0
1454545666,47,0
1454545672,47,0
1454545720,47,0
1454545725,47,0
1454545734,47,0
1454545740,47,0
1454545760,47,0
1454545763,47,0
1454545769,47,0
1454545820,47,0
1454545841,47,0
1454545857,47,0
1454545861,5,0
1454545867,47,0
1454545875,47,0
1454545905,47,0
1454545920,47,0
1454545927,47,0
1454545941,47,0
1454546031,47,0
1454546038,47,0
1454546046,47,0
1454546087,47,0
1454546098,47,0
1454546129,47,0
1454548515,5,0
1454548602,47,0
1454548720,5,0
1454548742,5,0
1454548752,47,0
1454548877,47,0
1454549723,15,0
1454551205,33,0
1454552381,51,0
1454553778,51,0
1454554151,49,0
1454554205,51,0
1454554220,51,0
1454554284,18,0
1454555483,26,0
1454555493,51,0
1454555587,51,0
1454555921,49,0
1454555936,51,0
1454556148,47,0
1454556152,47,0
1454556212,47,0
1454556253,47,0
1454556425,47,0
1454556496,47,0
1454556513,47,0
1454556716,47,0
1454557035,47,0
1454557114,47,0
1454557289,51,0
1454557962,29,0
1454557989,29,0
1454558773,26,0
1454560844,47,0
1454560847,47,0
1454561034,21,0
1454561340,26,0
1454562216,27,0
1454564610,46,0
1454565573,33,0
1454569594,46,0
1454582750,19,0
1454583085,19,0
1454583675,51,0
1454583692,51,0
1454583730,19,0
1454584641,5,0
1454588359,27,0
1454588427,27,0
1454588430,27,0
1454588440,27,0
1454588455,27,0
1454589282,18,0
1454589433,18,0
1454589477,18,0
1454592825,19,0
1454592976,19,0
1454595092,35,0
1454596253,35,0
1454596293,35,0
1454596601,44,0
1454596688,44,0
1454598884,17,0
1454599388,18,0
1454599431,18,0
1454602294,18,0
1454603281,18,0
1454603379,19,0
1454603673,19,0
1454603677,19,0
1454603957,19,0
1454605710,47,0
1454605735,47,0
1454605936,47,0
1454606223,47,0
1454606683,47,0
1454607392,26,0
1454607395,26,0
1454607956,11,0
1454607962,11,0
1454608290,26,0
1454608538,21,0
1454608868,18,0
1454609516,41,0
1454609566,41,0
1454609783,41,0
1454609883,18,0
1454609898,18,0
1454610094,5,0
1454610192,5,0
1454610237,5,0
1454610453,18,0
1454611150,5,0
1454611278,5,0
1454612727,29,0
1454612741,29,0
1454612817,29,0
1454613040,21,0
1454613148,21,0
1454613623,18,0
1454613687,18,0
1454617571,51,0
1454617578,51,0
1454617816,25,0
1454618439,18,0
1454618606,18,0
1454619517,18,0
1454619895,19,0
1454620151,5,0
1454621681,27,0
1454621720,27,0
1454622901,33,0
1454623040,18,0
1454623634,18,0
1454624120,11,0
1454624139,35,0
1454624158,35,0
1454624236,14,0
1454625336,18,0
1454625640,19,0
1454626010,18,0
1454626447,19,0
1454626738,11,0
1454626879,19,0
1454627078,11,0
1454627218,18,0
1454627423,49,0
1454627925,18,0
1454629159,25,0
1454629297,23,0
1454629316,49,0
1454629331,23,0
1454629408,23,0
1454629557,18,0
1454630026,18,0
1454630101,33,0
1454630743,33,0
1454630886,5,0
1454630937,5,0
1454631052,21,0
1454631781,18,0
1454633691,51,0
1454633697,51,0
1454633720,51,0
1454633939,27,0
1454633955,27,0
1454634028,51,0
1454636469,23,0
1454637826,25,0
1454639987,17,0
1454640700,27,0
1454641503,35,0
1454641584,35,0
1454641765,17,0
1454642980,21,0
1454642998,47,0
1454643764,20,0
1454644078,11,0
1454644193,11,0
1454645985,19,0
1454647432,20,0
1454649067,20,0
1454651035,47,0
1454651079,47,0
1454651086,47,0
1454651095,47,0
1454651104,47,0
1454651130,47,0
1454653855,29,0
1454655301,46,0
1454659139,46,0
1454659157,46,0
1454659167,46,0
1454659187,46,0
1454659200,46,0
1454659209,46,0
1454659221,46,0
1454659230,46,0
1454659243,46,0
1454659287,46,0
1454659294,46,0
1454659300,46,0
1454659321,46,0
1454659330,46,0
1454659426,46,0
1454659434,46,0
1454659455,46,0
1454659461,46,0
1454659485,46,0
1454659492,46,0
1454659497,49,0
1454659651,46,0
1454659726,46,0
1454659751,46,0
1454659772,46,0
1454659793,46,0
1454659889,46,0
1454660330,46,0
1454660427,46,0
1454660462,46,0
1454660499,46,0
1454660531,46,0
1454660559,46,0
1454660608,46,0
1454661024,51,0
1454661278,46,0
1454661352,46,0
1454661365,25,0
1454661404,46,0
1454664082,27,0
1454664163,27,0
1454666907,41,0
1454667125,51,0
1454667665,51,0
1454668970,19,0
1454669766,19,0
1454672865,46,0
1454674324,26,0
1454674331,19,0
1454674963,26,0
1454675475,18,0
1454675586,18,0
1454676186,9,0
1454676416,9,0
1454677550,19,0
1454678308,9,0
1454678369,9,0
1454680223,51,0
1454682488,18,0
1454682733,5,0
1454684281,5,0
1454684284,5,0
1454684352,5,0
1454684432,5,0
1454686918,5,0
1454687017,5,0
1454687293,5,0
1454687516,5,0
1454687569,5,0
1454687670,5,0
1454687897,5,0
1454688098,5,0
1454690295,47,0
1454690299,47,0
1454690350,47,0
1454690447,47,0
1454690604,47,0
1454690728,47,0
1454690750,47,0
1454690909,47,0
1454694349,21,0
1454694440,18,0
1454694654,41,0
1454694888,41,0
1454694931,21,0
1454695123,18,0
1454695216,18,0
1454695701,41,0
1454695742,41,0
1454696150,41,0
1454696252,41,0
1454696575,41,0
1454696688,41,0
1454696779,18,0
1454696919,49,0
1454696966,19,0
1454697024,19,0
1454697055,19,0
1454697241,21,0
1454697262,21,0
1454697369,19,0
1454697518,19,0
1454697594,19,0
1454698603,47,0
1454698700,47,0
1454698829,47,0
1454698833,47,0
1454699101,47,0
1454699187,47,0
1454699603,47,0
1454699934,20,0
1454699969,5,0
1454700214,18,0
1454700253,21,0
1454701005,18,0
1454702101,33,0
1454702357,19,0
1454702368,19,0
1454702956,14,0
1454703518,20,0
1454704744,44,0
1454705429,25,0
1454705436,25,0
1454705817,25,0
1454706180,25,0
1454706358,19,0
1454706467,25,0
1454706541,25,0
1454710695,16,0
1454710868,5,0
1454710982,5,0
1454711063,5,0
1454711742,5,0
1454711840,5,0
1454712302,33,0
1454712889,25,0
1454713681,25,0
1454713890,27,0
1454714985,27,0
1454715675,49,0
1454716626,25,0
1454717422,5,0
1454717455,21,0
1454717533,29,0
1454718570,27,0
1454718736,27,0
1454719831,27,0
1454719841,27,0
1454720398,5,0
1454720473,5,0
1454721857,14,0
1454725805,33,0
1454726601,5,0
1454726897,5,0
1454726991,5,0
1454727068,5,0
1454727072,5,0
1454728015,5,0
1454728202,49,0
1454728599,5,0
1454729054,5,0
1454729346,47,0
1454729437,47,0
1454729960,45,0
1454730801,4,0
1454731864,29,0
1454734504,25,0
1454734572,27,0
1454736257,49,0
1454736974,29,0
1454737738,27,0
1454737810,27,0
1454738944,27,0
1454738952,27,0
1454739144,51,0
1454739262,51,0
1454741145,29,0
1454741167,29,0
1454741248,26,0
1454741880,19,0
1454741934,19,0
1454741981,19,0
1454742096,19,0
1454742102,19,0
1454742112,19,0
1454742141,19,0
1454746115,29,0
1454746658,29,0
1454746665,29,0
1454746671,29,0
1454747823,49,0
1454748296,29,0
1454748315,29,0
1454748330,29,0
1454748744,29,0
1454748764,29,0
1454749231,29,0
1454749449,29,0
1454749521,41,0
1454749575,41,0
1454749580,29,0
1454749831,41,0
1454750092,29,0
1454751460,33,0
1454752356,26,0
1454752738,11,0
1454753271,51,0
1454753992,11,0
1454754458,11,0
1454754466,11,0
1454756704,29,0
1454758577,18,0
1454760045,18,0
1454760128,18,0
1454761458,9,0
1454765434,41,0
1454765484,41,0
1454765512,4,0
1454765602,41,0
1454765633,4,0
1454768531,19,0
1454770882,16,0
1454773207,11,0
1454773267,5,0
1454773460,5,0
1454777881,5,0
1454778083,5,0
1454778183,5,0
1454778419,5,0
1454778485,5,0
1454778577,47,0
1454778595,47,0
1454778600,47,0
1454778633,47,0
1454778779,5,0
1454778983,47,0
1454779164,47,0
1454779170,47,0
1454779338,47,0
1454779385,41,0
1454779400,47,0
1454779706,41,0
1454779940,47,0
1454780040,47,0
1454780045,47,0
1454781685,49,0
1454783119,21,0
1454783293,21,0
1454783598,21,0
1454784480,19,0
1454784498,19,0
1454784522,19,0
1454785585,26,0
1454785618,19,0
1454785649,26,0
1454785694,19,0
1454785700,19,0
1454785709,19,0
1454785743,19,0
1454786024,12,0
1454787408,19,0
1454787973,18,0
1454788344,11,0
1454788997,26,0
1454789426,18,0
1454789437,21,0
1454790292,26,0
1454790294,26,0
1454790338,26,0
1454791078,44,0
1454791101,11,0
1454791303,11,0
1454791510,11,0
1454791530,26,0
1454794547,29,0
1454794549,29,0
1454794962,29,0
1454795101,33,0
1454795390,29,0
1454795436,27,0
1454795569,27,0
1454795574,29,0
1454795747,27,0
1454796303,19,0
1454796347,19,0
1454796713,19,0
1454796758,19,0
1454798068,18,0
1454798297,11,0
1454798510,11,0
1454798854,18,0
1454799562,19,0
1454799735,19,0
1454799816,19,0
1454800418,33,0
1454800459,51,0
1454800461,33,0
1454800494,33,0
1454800540,4,0
1454800584,33,0
1454800933,33,0
1454801255,26,0
1454801535,33,0
1454801570,33,0
1454801654,33,0
1454801705,33,0
1454802051,33,0
1454802111,18,0
1454802359,33,0
1454802390,33,0
1454802908,33,0
1454803358,33,0
1454803839,21,0
1454804165,33,0
1454805005,33,0
1454805456,4,0
1454807714,29,0
1454808009,29,0
1454809370,27,0
1454809563,27,0
1454812148,5,0
1454812149,5,0
1454813029,35,1
1454814373,19,0
1454814946,27,0
1454815372,27,0
1454818752,19,0
1454818882,19,0
1454818969,19,0
1454819022,19,0
1454819109,19,0
1454819545,16,0
1454819582,19,0
1454819811,29,0
1454820083,19,0
1454823426,11,0
1454823431,11,0
1454823532,11,0
1454823545,11,0
1454823624,11,0
1454823944,11,0
1454824088,11,0
1454824393,11,0
1454824426,11,0
1454824618,11,0
1454824956,11,0
1454824961,11,0
1454826965,21,0
1454827059,21,0
1454827415,11,0
1454827436,29,0
1454827442,11,0
1454828674,23,0
1454829256,51,0
1454836252,41,0
1454836674,51,0
1454836855,51,0
1454837062,11,0
1454837217,51,0
1454843083,46,0
1454843095,46,0
1454843283,46,0
1454843428,46,0
1454849168,29,0
1454850660,11,0
1454850758,51,0
1454850780,11,0
1454850823,11,0
1454851053,19,0
1454851092,11,0
1454851289,11,0
1454851431,19,0
1454852179,11,0
1454852375,11,0
1454852907,11,0
1454853348,11,0
1454853468,11,0
1454853584,18,0
1454853769,11,0
1454853826,18,0
1454854065,11,0
1454854179,11,0
1454855495,19,0
1454856638,41,0
1454858887,11,0
1454859097,11,0
1454860988,18,0
1454861492,18,0
1454863733,19,0
1454874072,41,0
1454874732,26,0
1454874739,26,0
1454875606,11,0
1454875843,11,0
1454875858,11,0
1454876135,21,0
1454877260,45,0
1454877826,35,0
1454878463,51,0
1454878502,33,0
1454878914,11,0
1454880013,11,0
1454880094,11,0
1454880857,27,1
1454880862,27,0
1454880905,19,0
1454880987,27,0
1454880991,19,0
1454881006,27,0
1454881096,19,0
1454882132,29,0
1454882313,29,0
1454882315,29,0
1454882317,18,0
1454882333,29,0
1454882438,29,0
1454882891,18,0
1454882922,18,0
1454883215,18,0
1454885243,11,0
1454886426,11,0
1454886515,18,0
1454886608,11,0
1454886808,21,0
1454886833,11,0
1454887078,11,0
1454887280,18,0
1454887343,18,0
1454888384,18,0
1454888588,12,0
1454888711,12,0
1454888795,45,0
1454888797,18,0
1454888798,27,0
1454888876,12,0
1454889052,12,0
1454889149,12,0
1454889296,12,0
1454889736,4,0
1454891539,26,0
1454891935,26,0
1454892358,29,0
1454892370,29,0
1454892455,38,0
1454892493,38,1
1454892591,18,0
1454893362,10,0
1454894841,49,0
1454896978,26,0
1454897061,26,0
1454897181,26,0
1454897584,26,0
1454897822,26,0
1454897833,26,0
1454897840,46,0
1454897844,26,0
1454898250,26,0
1454898787,27,0
1454899667,5,0
1454899671,5,0
1454899695,5,0
1454899751,5,0
1454900129,27,0
1454900675,19,0
1454900969,19,0
1454901201,19,0
1454901423,27,0
1454901727,19,0
1454902214,19,0
1454904089,27,0
1454905556,20,0
1454906781,26,0
1454908317,51,0
1454908397,51,0
1454909025,20,0
1454909095,49,0
1454909781,49,0
1454911713,20,0
1454912399,20,0
1454912662,49,0
1454912821,47,0
1454912828,47,0
1454912849,47,0
1454912860,51,0
1454912867,21,0
1454913028,51,0
1454913112,51,0
1454913176,51,0
1454913205,51,0
1454913300,49,0
1454913774,51,0
1454913822,51,0
1454913907,49,0
1454913978,29,0
1454916513,49,0
1454917805,20,0
1454918670,49,0
1454919401,49,0
1454919768,29,0
1454919878,20,0
1454919958,47,0
1454919974,20,0
1454920127,29,0
1454920212,47,0
1454920550,20,0
1454920756,47,0
1454921273,47,0
1454921485,47,0
1454921882,47,0
1454921956,47,0
1454922149,47,0
1454925861,4,0
1454928995,19,0
1454929426,19,0
1454929721,19,0
1454931678,18,0
1454931934,18,0
1454942878,19,0
1454943548,19,0
1454943884,19,0
1454943940,19,0
1454944962,19,0
1454949756,18,0
1454949765,18,0
1454953773,25,0
1454954290,33,0
1454954407,33,0
1454954558,21,0
1454956094,33,0
1454957742,19,0
1454958169,21,0
1454958209,25,0
1454958272,25,0
1454959318,21,0
1454959494,18,0
1454960401,23,0
1454960952,14,0
1454961095,18,0
1454962014,26,0
1454962019,26,0
1454962194,26,0
1454962199,26,0
1454962216,26,0
1454962234,26,0
1454962368,18,0
1454962370,26,0
1454962502,21,0
1454962556,21,0
1454962655,26,0
1454962679,21,0
1454963311,47,0
1454963536,27,0
1454963624,27,1
1454963643,27,0
1454966284,21,0
1454966593,21,0
1454967601,27,0
1454968253,19,0
1454968306,27,0
1454968425,19,0
1454968564,27,0
1454968901,19,0
1454969491,27,0
1454969504,27,0
1454971036,49,0
1454971458,11,0
1454972016,19,0
1454972350,27,0
1454972777,33,0
1454974206,11,0
1454974528,11,0
1454974558,11,0
1454975401,18,0
1454975440,35,0
1454975701,33,0
1454975926,33,0
1454976483,38,1
1454976490,35,0
1454976533,38,1
1454976626,35,0
1454976674,27,1
1454976930,4,0
1454977002,35,0
1454977339,21,0
1454977452,26,0
1454978098,27,0
1454978277,27,0
1454978455,27,1
1454978918,27,0
1454979854,35,0
1454980100,27,1
1454980341,27,0
1454980466,27,0
1454980516,27,0
1454980565,27,1
1454980581,5,0
1454980666,27,0
1454980707,27,1
1454980754,27,1
1454980917,27,1
1454981037,27,1
1454981088,5,0
1454981139,27,0
1454981139,51,0
1454981154,27,1
1454981254,27,0
1454981314,27,0
1454981383,27,0
1454981445,27,0
1454981495,27,0
1454981574,51,0
1454981600,27,1
1454981661,27,0
1454981697,27,0
1454981769,51,0
1454981792,27,1
1454981892,51,0
1454981917,27,1
1454981928,27,0
1454982064,27,1
1454982115,27,1
1454982711,27,1
1454982899,27,0
1454983052,15,0
1454983160,27,0
1454983273,27,1
1454983360,27,0
1454983543,27,0
1454983664,27,0
1454983773,35,0
1454983804,27,0
1454984135,27,0
1454984310,27,0
1454984502,26,0
1454984977,27,0
1454985008,26,0
1454985152,27,0
1454985229,38,1
1454985301,26,0
1454985361,26,0
1454985614,27,0
1454985624,27,0
1454986064,27,1
1454986101,26,0
1454986876,20,0
1454986943,20,0
1454988476,25,0
1454989228,21,1
1454989477,27,0
1454989494,27,0
1454990323,27,0
1454990413,19,0
1454991942,47,0
1454992387,29,0
1454992905,27,0
1454993563,45,0
1454993991,19,0
1454994124,19,0
1454995467,20,0
1454995497,29,0
1454995502,29,0
1454995586,19,0
1454995987,49,0
1454996327,19,0
1454996407,19,0
1454996475,19,0
1454996555,19,0
1454996560,19,0
1454998065,27,1
1454998111,27,1
1454998120,27,1
1455003352,27,0
1455003536,27,0
1455003545,27,0
1455004342,27,0
1455004756,27,0
1455004846,27,0
1455004888,27,0
1455004932,27,0
1455004952,27,0
1455005383,27,0
1455005566,27,0
1455005639,27,0
1455005835,27,0
1455006188,29,0
1455007036,27,0
1455007559,51,0
1455007662,49,0
1455007839,51,0
1455009187,49,0
1455009915,29,0
1455010105,29,0
1455010416,29,0
1455010903,29,0
1455011097,29,0
1455011165,27,0
1455011174,27,0
1455011283,27,0
1455012347,29,0
1455019894,27,1
1455025471,18,0
1455026756,4,0
1455029017,18,0
1455029296,18,0
1455029795,18,0
1455032891,19,0
1455033549,11,0
1455033571,11,0
1455034872,11,0
1455035614,18,0
1455037800,11,0
1455037891,21,0
1455038141,21,0
1455038414,11,0
1455038483,11,0
1455038624,11,0
1455038670,35,0
1455038710,35,0
1455038780,35,0
1455038828,19,0
1455038831,19,0
1455038954,35,0
1455040507,21,0
1455040807,33,0
1455042026,18,0
1455043981,49,0
1455044645,26,0
1455044952,29,0
1455045636,47,0
1455045702,47,0
1455045712,47,0
1455045820,29,0
1455045836,29,0
1455045926,47,0
1455046000,29,0
1455046042,47,0
1455046110,47,0
1455046117,47,0
1455046125,47,0
1455046154,35,0
1455046191,21,0
1455046197,47,0
1455046231,47,0
1455046315,21,0
1455046442,47,0
1455046493,47,0
1455046509,47,0
1455046582,47,0
1455046612,47,0
1455046627,47,0
1455046651,47,0
1455046675,47,0
1455046690,47,0
1455046961,47,0
1455046971,47,0
1455047126,47,0
1455047219,47,0
1455047257,47,0
1455047713,21,0
1455048285,18,0
1455049087,51,0
1455049143,51,0
1455049145,33,0
1455049235,21,0
1455049307,1,0
1455049543,5,0
1455049802,33,0
1455051583,29,0
1455051699,5,0
1455051808,5,0
1455051869,5,0
1455052113,29,0
1455052144,38,0
1455052379,5,0
1455052465,5,0
1455052574,5,0
1455053795,47,0
1455053820,47,0
1455053848,27,0
1455053848,47,0
1455053855,47,0
1455053878,47,0
1455053912,27,0
1455053926,47,0
1455053943,27,1
1455053946,27,0
1455053951,47,0
1455053980,27,0
1455054028,47,0
1455054148,47,0
1455054433,47,0
1455054572,47,0
1455054609,47,0
1455054727,47,0
1455054744,47,0
1455054751,47,0
1455054789,21,0
1455054959,47,0
1455055020,47,0
1455055053,47,0
1455055061,47,0
1455055069,47,0
1455055172,47,0
1455055204,47,0
1455055211,47,0
1455055217,47,0
1455055233,47,0
1455055258,47,0
1455055264,47,0
1455055325,47,0
1455055364,47,0
1455055384,14,0
1455055604,47,0
1455055608,47,0
1455055631,47,0
1455055687,47,0
1455055841,47,0
1455055905,47,0
1455055948,47,0
1455055956,47,0
1455055969,47,0
1455055974,47,0
1455055988,47,0
1455056176,47,0
1455056220,47,0
1455056230,47,0
1455056249,47,0
1455056345,47,0
1455056445,47,0
1455056462,47,0
1455056477,47,0
1455056487,47,0
1455056495,47,0
1455056502,47,0
1455056515,47,0
1455056758,5,0
1455058144,5,0
1455059206,51,0
1455059721,18,0
1455060499,11,0
1455061356,42,0
1455061400,42,0
1455061892,27,0
1455062164,27,0
1455062517,27,0
1455062798,49,0
1455063012,5,0
1455063103,5,0
1455063495,5,0
1455063565,47,0
1455063572,47,0
1455063576,5,0
1455063663,5,0
1455063732,5,1
1455063735,5,0
1455063737,5,0
1455063740,5,0
1455063743,5,0
1455063857,5,0
1455064176,5,0
1455064733,5,0
1455064921,49,0
1455065142,51,0
1455065209,21,0
1455065249,5,0
1455065935,5,0
1455066075,21,0
1455066146,5,0
1455066880,26,0
1455066889,26,0
1455066890,26,0
1455066955,14,0
1455067030,26,0
1455067055,26,0
1455068159,47,0
1455068159,47,0
1455068159,47,0
1455068159,47,0
1455070163,47,0
1455070826,47,0
1455070852,47,0
1455070873,47,0
1455070885,47,0
1455070910,27,0
1455071219,27,0
1455071280,27,1
1455075901,33,0
1455076729,47,0
1455077917,4,0
1455080085,26,0
1455080107,47,0
1455080125,47,0
1455080137,47,0
1455080147,47,0
1455080160,47,0
1455080183,47,0
1455080217,47,0
1455080225,47,0
1455080268,47,0
1455080272,47,0
1455080312,47,0
1455080314,47,0
1455080318,47,0
1455080326,47,0
1455080368,47,0
1455080415,47,0
1455080438,47,0
1455080479,47,0
1455080482,47,0
1455080546,47,0
1455080561,47,0
1455080578,47,0
1455080583,47,0
1455080628,47,0
1455080635,47,0
1455080642,47,0
1455081423,49,0
1455082658,27,0
1455082821,47,0
1455082877,47,0
1455082886,47,0
1455082901,47,0
1455082910,47,0
1455082922,47,0
1455082931,47,0
1455082963,26,0
1455083107,47,0
1455083176,47,0
1455083181,47,0
1455083187,47,0
1455083195,47,0
1455083537,47,0
1455083553,47,0
1455083560,47,0
1455084116,20,0
1455084338,20,0
1455087489,4,0
1455088820,50,0
1455088872,50,1
1455090148,27,0
1455090559,27,0
1455092740,46,0
1455092771,46,0
1455092910,46,0
1455092915,46,0
1455093014,46,0
1455093564,51,0
1455093661,46,0
1455093691,46,0
1455095625,47,0
1455095670,47,0
1455095766,47,0
1455096822,4,0
1455100580,27,1
1455100598,27,0
1455100963,27,0
1455101097,20,0
1455102488,19,0
1455106496,27,0
1455107728,18,0
1455107890,18,0
1455109581,44,0
1455110460,4,0
1455110487,35,0
1455111428,35,0
1455112637,43,0
1455112986,43,1
1455113085,43,0
1455113089,43,0
1455113092,43,0
1455113117,43,1
1455113130,43,1
1455113220,19,0
1455115773,35,1
1455115924,41,0
1455116361,41,0
1455116376,5,0
1455116471,41,0
1455116902,41,0
1455116962,41,0
1455116999,41,0
1455117218,41,0
1455117419,41,0
1455118433,12,0
1455118526,41,0
1455118854,49,0
1455119121,41,0
1455119478,41,0
1455119711,41,0
1455121256,41,0
1455121373,5,0
1455121442,5,0
1455124313,21,0
1455124322,21,0
1455124967,5,0
1455126924,21,0
1455127125,43,0
1455127172,43,0
1455129002,33,0
1455131563,4,0
1455132776,18,0
1455133727,11,0
1455134133,21,0
1455134617,11,0
1455134751,11,0
1455135347,44,0
1455135403,21,0
1455135417,35,0
1455136521,11,0
1455136747,23,0
1455136858,23,0
1455137445,27,1
1455137464,27,0
1455137501,11,0
1455139205,21,0
1455139536,25,0
1455141617,33,0
1455142179,11,0
1455142252,11,0
1455142996,15,0
1455143035,15,0
1455143155,11,0
1455143336,35,0
1455143792,19,0
1455143912,19,0
1455144513,21,0
1455144709,19,0
1455145171,19,0
1455145293,19,0
1455145343,19,0
1455145369,18,0
1455146953,35,0
1455147455,1,0
1455148184,27,1
1455149966,27,1
1455149974,51,0
1455150572,27,0
1455150815,18,0
1455150868,27,1
1455151025,12,0
1455151554,21,0
1455151582,27,0
1455151942,19,0
1455152033,19,0
1455152234,19,0
1455152406,47,0
1455152410,47,0
1455152416,47,0
1455152463,47,0
1455152470,47,0
1455152520,47,0
1455152537,47,0
1455152590,5,0
1455152653,47,0
1455153209,51,0
1455153542,5,0
1455154457,5,0
1455155102,33,0
1455155392,26,0
1455156228,27,0
1455157140,14,0
1455157150,29,0
1455158058,27,1
1455158772,33,0
1455158800,33,0
1455158897,29,0
1455159111,29,0
1455159159,29,0
1455159805,27,0
1455159991,27,0
1455160194,27,0
1455160226,27,0
1455160410,29,0
1455160521,29,0
1455160536,27,1
1455160550,29,0
1455160646,27,1
1455160713,29,0
1455160912,27,1
1455160931,27,1
1455160937,27,0
1455161184,27,0
1455161380,27,0
1455161655,29,0
1455161774,29,0
1455162283,19,0
1455162621,19,0
1455163100,29,0
1455163621,27,1
1455164988,38,1
1455165346,19,0
1455165652,19,0
1455166341,27,0
1455167102,27,0
1455167575,27,1
1455167706,27,1
1455168141,27,0
1455168203,27,1
1455168234,27,0
1455169259,45,0
1455170155,29,0
1455170238,29,0
1455170635,26,0
1455170839,47,0
1455170848,47,0
1455170855,47,0
1455171094,47,0
1455171105,47,0
1455171146,47,0
1455171160,47,0
1455171196,47,0
1455171293,47,0
1455171311,47,0
1455171316,47,0
1455171319,47,0
1455171324,47,0
1455171374,47,0
1455171406,47,0
1455171427,47,0
1455171444,47,0
1455171448,47,0
1455171459,47,0
1455171475,47,0
1455171488,47,0
1455171526,47,0
1455173372,27,0
1455173632,27,0
1455174381,27,0
1455175079,29,0
1455175818,29,0
1455177824,50,1
1455178009,49,0
1455178131,50,1
1455178565,49,0
1455178848,29,0
1455178935,29,0
1455179419,29,0
1455179905,51,0
1455180118,51,0
1455180590,5,0
1455181874,29,0
1455181899,29,0
1455181939,29,0
1455182360,27,0
1455182731,29,0
1455182737,29,0
1455183027,29,0
1455183747,51,0
1455184438,29,0
1455184669,41,0
1455186290,19,0
1455188419,27,1
1455188489,27,1
1455188608,27,1
1455188614,27,1
1455188701,27,1
1455188766,27,1
1455188772,27,1
1455188824,27,1
1455189043,27,1
1455189056,27,0
1455189390,41,0
1455189631,41,0
1455190085,27,0
1455190248,27,0
1455190261,27,1
1455190326,27,0
1455190382,27,0
1455190492,27,0
1455190660,29,0
1455194655,44,1
1455194690,44,0
1455194731,44,0
1455194773,44,0
1455195026,41,0
1455195055,41,0
1455195210,41,0
1455195458,41,0
1455195637,41,0
1455196279,44,0
1455196377,44,0
1455196716,44,0
1455198270,43,0
1455198332,43,1
1455198335,43,1
1455198342,43,0
1455198527,43,0
1455198776,43,0
1455198787,43,0
1455199865,19,0
1455199871,18,0
1455199967,35,0
1455200048,19,0
1455200092,19,0
1455200515,18,0
1455201037,19,0
1455202374,35,0
1455203690,3,1
1455203958,11,0
1455206211,47,0
1455210716,35,0
1455213236,5,0
1455213242,38,1
1455213330,21,0
1455213547,38,0
1455213557,5,0
1455213625,5,0
1455213709,5,0
1455213738,35,0
1455213851,35,1
1455213943,5,0
1455213975,5,0
1455214182,35,1
1455214259,35,0
1455215418,41,0
1455215554,41,0
1455215652,41,0
1455216077,19,0
1455216178,19,0
1455216606,1,0
1455218163,27,1
1455218244,27,0
1455218265,27,0
1455218362,26,0
1455218367,26,0
1455219445,5,0
1455219572,12,0
1455219761,47,0
1455219764,47,0
1455219767,47,0
1455219771,47,0
1455219774,47,0
1455219783,47,0
1455219790,47,0
1455219794,47,0
1455219801,47,0
1455219807,47,0
1455219832,47,0
1455219835,47,0
1455219838,47,0
1455219841,47,0
1455219908,47,0
1455219932,47,0
1455219955,47,0
1455219961,47,0
1455219966,47,0
1455220025,47,0
1455220055,47,0
1455220109,47,0
1455220171,47,0
1455220221,47,0
1455220226,47,0
1455220241,47,0
1455220305,47,0
1455220322,47,0
1455220903,47,0
1455220962,47,0
1455220975,47,0
1455220981,47,0
1455220986,47,0
1455220996,47,0
1455221019,43,1
1455221037,47,0
1455221041,43,1
1455221045,47,0
1455221072,43,0
1455221080,5,0
1455221086,47,0
1455221093,43,0
1455221121,47,0
1455221126,47,0
1455221135,47,0
1455221144,43,0
1455221150,47,0
1455221178,43,0
1455221188,47,0
1455221268,47,0
1455221291,47,0
1455221296,47,0
1455221299,43,1
1455221323,47,0
1455221333,47,0
1455221386,47,0
1455221389,47,0
1455221395,47,0
1455221400,21,1
1455221412,47,0
1455221413,27,0
1455221416,21,1
1455221441,25,0
1455221448,27,0
1455221510,27,1
1455221630,47,0
1455221652,47,0
1455221654,25,0
1455221698,47,0
1455221714,5,0
1455221740,47,0
1455221751,47,0
1455221820,47,0
1455221825,3,1
1455221834,5,0
1455221846,47,0
1455221851,47,0
1455221857,47,1
1455221899,47,0
1455221909,47,0
1455221956,47,0
1455221963,47,0
1455221969,47,0
1455222181,43,0
1455222196,27,1
1455222218,47,0
1455222228,27,0
1455222251,47,0
1455222269,44,1
1455222310,20,1
1455222316,25,1
1455222321,27,0
1455222327,27,1
1455222377,47,0
1455222386,47,0
1455222502,44,0
1455222564,44,1
1455222653,27,1
1455222666,27,1
1455222809,21,1
1455222820,21,1
1455222849,33,1
1455222894,5,0
1455222907,27,0
1455222916,27,0
1455222921,20,1
1455222926,21,0
1455222930,20,1
1455222940,27,1
1455222949,21,1
1455222961,9,0
1455222965,25,1
1455222977,21,1
1455222985,21,1
1455223010,22,0
1455223015,27,1
1455223019,44,0
1455223027,9,0
1455223031,22,1
1455223052,22,0
1455223064,1,0
1455223118,27,1
1455223144,9,0
1455223166,44,1
1455223227,27,1
1455223268,27,1
1455223277,27,1
1455223288,44,0
1455223297,27,1
1455223327,25,1
1455223348,21,0
1455223351,21,0
1455223366,27,1
1455223374,21,1
1455223380,38,0
1455223464,44,0
1455223500,9,0
1455223513,11,0
1455223518,21,0
1455223552,5,0
1455223633,27,1
1455223641,21,1
1455223646,44,1
1455223754,27,1
1455223760,27,1
1455223768,44,0
1455223879,27,1
1455223919,9,1
1455223938,21,1
1455223946,27,1
1455223947,20,0
1455223956,27,1
1455223997,22,1
1455224087,21,1
1455224088,9,0
1455224119,27,0
1455224131,27,1
1455224147,50,1
1455224149,21,0
1455224150,27,1
1455224213,22,0
1455224228,21,0
1455224230,18,0
1455224239,50,1
1455224239,50,1
1455224308,27,0
1455224384,22,1
1455224403,44,1
1455224418,1,0
1455224423,27,1
1455224427,21,0
1455224429,20,1
1455224446,27,1
1455224454,22,1
1455224567,44,1
1455224571,18,1
1455224574,27,0
1455224582,18,1
1455224588,18,1
1455224602,33,1
1455224606,27,1
1455224657,9,1
1455224681,27,0
1455224723,44,0
1455224898,5,0
1455224910,27,1
1455224931,9,0
1455224945,11,0
1455224965,11,0
1455225002,11,0
1455225022,29,0
1455225040,29,0
1455225073,29,0
1455225105,25,0
1455225106,27,0
1455225131,22,0
1455225135,27,1
1455225149,27,1
1455225157,44,0
1455225164,27,0
1455225189,27,0
1455225314,21,0
1455225339,27,0
1455225353,27,1
1455225381,44,0
1455225404,27,0
1455225426,27,0
1455225455,27,1
1455225458,27,1
1455225473,27,1
1455225502,21,0
1455225524,21,0
1455225538,21,0
1455225541,21,0
1455225588,21,1
1455225597,33,0
1455225601,35,1
1455225610,33,0
1455225617,43,0
1455225707,43,1
1455225729,43,1
1455225742,35,1
1455225743,35,1
1455225750,35,0
1455225785,43,0
1455225806,27,1
1455225807,43,1
1455225817,27,0
1455225825,44,0
1455225838,35,0
1455225877,44,0
1455225888,27,0
1455225902,22,1
1455225902,22,1
1455225919,43,0
1455225945,43,1
1455225951,43,0
1455225960,1,0
1455225963,43,0
1455225992,35,0
1455226019,44,0
1455226034,44,0
1455226036,51,1
1455226069,5,0
1455226085,43,0
1455226101,51,0
1455226118,51,0
1455226122,51,0
1455226123,43,0
1455226129,51,0
1455226133,35,0
1455226148,43,1
1455226152,35,0
1455226205,43,0
1455226226,35,0
1455226226,43,1
1455226243,35,0
1455226253,43,0
1455226318,43,0
1455226319,38,1
1455226335,43,0
1455226344,51,0
1455226372,5,1
1455226389,35,0
1455226432,35,0
1455226439,27,1
1455226485,11,0
1455226498,27,0
1455226500,51,1
1455226513,17,0
1455226521,9,1
1455226523,51,1
1455226524,33,0
1455226555,5,0
1455226559,27,1
1455226568,35,1
1455226580,27,1
1455226608,27,0
1455226657,17,1
1455226669,17,1
1455226689,17,1
1455226783,44,0
1455226802,27,0
1455226821,1,0
1455226821,51,0
1455226933,35,0
1455226971,35,1
1455227008,1,0
1455227051,35,0
1455227116,27,0
1455227159,17,1
1455227249,21,0
1455227257,27,1
1455227334,27,1
1455227419,49,0
1455227430,11,0
1455227495,27,0
1455227540,27,0
1455227748,27,1
1455227854,21,1
1455227990,27,1
1455228001,21,1
1455228287,11,1
1455228292,11,1
1455228322,11,1
1455228345,11,1
1455228471,43,0
1455228494,43,0
1455228514,43,1
1455228525,4,0
1455228538,43,1
1455228665,45,0
1455228712,14,1
1455228843,19,0
1455228971,19,0
1455229093,19,0
1455229230,1,0
1455229434,40,1
1455229475,40,1
1455229475,40,1
1455229483,40,1
1455229513,4,0
1455229522,40,1
1455229555,40,1
1455229575,21,0
1455229584,21,0
1455229585,4,1
1455229608,4,1
1455229656,14,1
1455229673,21,1
1455229689,4,1
1455229797,3,1
1455229841,21,1
1455230035,4,1
1455230230,40,0
1455230450,36,1
1455230461,36,1
1455230479,36,1
1455230492,36,1
1455230606,33,1
1455230617,11,0
1455230694,36,0
1455230694,36,0
1455230707,40,1
1455230708,1,0
1455230722,40,1
1455230752,40,1
1455230803,19,1
1455230825,40,1
1455230842,11,0
1455230844,40,1
1455230887,19,1
1455230895,19,1
1455230919,19,1
1455230937,40,1
1455230951,19,1
1455230990,19,1
1455231070,4,1
1455231354,40,1
1455231395,29,0
1455231451,40,1
1455231603,29,1
1455231645,29,1
1455231660,29,1
1455231665,40,1
1455231696,29,0
1455231711,27,0
1455231727,29,0
1455231901,40,1
1455231905,40,1
1455231961,40,1
1455232075,27,0
1455232200,27,1
1455232322,29,0
1455232480,27,1
1455232711,21,0
1455232744,27,0
1455232753,21,0
1455232841,27,1
1455232864,27,1
1455232918,27,0
1455232989,1,0
1455233029,27,1
1455233063,35,1
1455233104,27,1
1455233163,19,0
1455233190,18,0
1455233193,27,0
1455233219,19,0
1455233227,21,0
1455233234,27,0
1455233237,19,0
1455233645,27,1
1455233794,27,1
1455233829,25,0
1455233863,27,0
1455234219,38,0
1455234640,27,1
1455234692,38,1
1455234715,27,1
1455235030,27,0
1455235187,27,1
1455235313,27,1
1455235318,27,0
1455235332,27,0
1455235375,29,0
1455235518,27,0
1455235582,35,0
1455235761,29,0
1455236041,38,0
1455236118,38,0
1455236148,38,0
1455236684,5,0
1455236691,5,0
1455237057,19,1
1455237117,5,0
1455237209,49,0
1455237520,18,0
1455237535,5,0
1455237542,20,0
1455237761,27,0
1455237899,18,0
1455237965,21,0
1455238086,29,0
1455238155,27,0
1455238162,27,0
1455238193,27,0
1455238210,27,0
1455238230,43,0
1455238265,43,0
1455238365,5,1
1455238570,27,0
1455238856,43,0
1455239611,35,0
1455239925,35,0
1455240678,21,1
1455240738,51,0
1455240840,51,0
1455241460,38,1
1455241487,38,1
1455242418,33,0
1455243038,27,0
1455243525,26,1
1455243526,26,0
1455244121,38,0
1455245100,19,0
1455245699,45,0
1455246081,47,0
1455246134,47,0
1455246149,47,0
1455246161,47,0
1455246168,47,0
1455246172,47,0
1455246182,47,1
1455246199,47,1
1455246212,47,0
1455246234,47,1
1455246259,47,1
1455246292,47,1
1455246301,1,0
1455246313,47,0
1455246319,47,1
1455246328,47,1
1455246407,26,0
1455246702,26,0
1455246873,26,0
1455246880,26,0
1455246894,26,0
1455247001,26,0
1455247075,26,0
1455247125,38,0
1455247233,29,0
1455247755,27,1
1455247766,27,1
1455247780,19,0
1455247798,26,0
1455248029,27,0
1455248161,27,0
1455248468,35,0
1455248484,27,0
1455248834,40,0
1455248949,40,0
1455248966,27,0
1455249190,27,0
1455249379,35,1
1455249451,23,0
1455249540,27,1
1455249750,27,1
1455249764,27,0
1455249824,35,1
1455249875,35,0
1455250152,21,1
1455250914,27,0
1455251136,23,0
1455251450,26,0
1455251467,33,0
1455251511,49,0
1455251979,27,0
1455252874,26,0
1455254243,45,0
1455254434,45,0
1455254647,4,1
1455254666,38,1
1455254717,38,1
1455254755,38,0
1455255452,38,0
1455256711,26,0
1455256755,25,0
1455256806,1,0
1455257009,27,0
1455257426,27,1
1455257443,27,0
1455257500,27,0
1455257598,20,1
1455257785,49,1
1455257838,27,1
1455257874,27,0
1455257912,38,0
1455257966,27,1
1455258129,38,1
1455258148,38,0
1455258151,38,0
1455258488,49,0
1455258525,27,1
1455258538,27,1
1455258600,27,0
1455259322,29,0
1455259636,27,0
1455259895,27,0
1455259943,16,1
1455260503,27,0
1455260595,27,1
1455260652,27,0
1455260858,27,1
1455261738,27,0
1455261750,25,0
1455261752,46,1
1455261855,27,0
1455262015,46,0
1455262024,46,0
1455262032,46,0
1455262040,46,0
1455262048,46,0
1455262056,46,0
1455262063,46,0
1455262071,46,0
1455262079,46,0
1455262087,46,0
1455262095,46,0
1455262103,46,0
1455262110,46,0
1455262119,46,0
1455262127,46,0
1455262135,46,0
1455262320,46,0
1455262340,46,0
1455262354,46,0
1455262366,46,0
1455262394,46,0
1455262417,46,0
1455262438,46,0
1455262440,46,0
1455262454,46,0
1455262468,46,0
1455262515,46,0
1455262524,46,0
1455262539,46,0
1455262595,46,0
1455262605,46,0
1455262616,46,0
1455262641,46,0
1455262663,21,1
1455262733,46,0
1455262755,21,0
1455262787,46,0
1455262851,46,0
1455262876,46,0
1455262890,46,0
1455262901,46,0
1455262904,46,0
1455262981,46,0
1455263006,46,0
1455263088,46,0
1455263167,47,0
1455263200,47,0
1455263219,46,0
1455263253,46,0
1455263264,47,0
1455263304,27,0
1455263305,46,0
1455263315,27,0
1455263338,46,0
1455263348,27,0
1455263381,46,0
1455263464,46,0
1455263506,46,0
1455263635,46,0
1455263705,38,1
1455263778,46,0
1455263930,27,0
1455264530,47,0
1455264641,47,0
1455264672,27,0
1455264693,27,0
1455264720,47,0
1455264980,47,0
1455265056,47,0
1455265815,27,0
1455266845,27,1
1455267192,29,0
1455267442,29,0
1455268286,29,0
1455268638,29,0
1455268949,29,0
1455269002,29,0
1455269096,10,0
1455269123,10,1
1455269123,10,1
1455270325,27,0
1455270785,27,0
1455270792,29,0
1455270816,27,0
1455270914,12,1
1455270919,12,1
1455270927,12,1
1455271140,12,0
1455271150,12,1
1455271155,12,1
1455271182,29,0
1455271196,12,1
1455271339,29,0
1455271403,12,0
1455272178,29,0
1455273991,27,0
1455274026,27,1
1455274415,27,1
1455274427,27,1
1455274434,27,0
1455274442,27,0
1455274446,27,0
1455274453,27,0
1455274456,27,0
1455274461,27,0
1455275721,44,0
1455277722,44,0
1455278400,4,1
1455279207,27,0
1455279214,27,0
1455279232,27,0
1455280338,27,0
1455281621,27,1
1455281628,27,0
1455281752,27,1
1455281921,27,1
1455283174,44,0
1455283280,44,1
1455283333,44,0
1455283886,5,0
1455284547,43,0
1455284595,43,0
1455284784,43,0
1455288655,35,0
1455290411,44,0
1455291894,38,0
1455293624,5,0
1455293628,5,0
1455293901,19,0
1455295405,44,0
1455295520,1,0
1455295575,47,1
1455295587,47,1
1455295595,47,0
1455295615,47,0
1455295643,47,0
1455295778,47,0
1455295796,47,0
1455295804,47,0
1455295867,47,0
1455295874,47,0
1455295903,47,0
1455295911,47,0
1455295929,47,0
1455295947,47,0
1455295991,47,0
1455296026,1,0
1455296045,47,0
1455296064,47,0
1455296067,41,0
1455296069,47,0
1455296105,47,1
1455296111,41,0
1455297575,44,0
1455298195,44,0
1455299478,5,0
1455300161,21,0
1455300186,21,0
1455305042,19,0
1455305147,19,0
1455305330,19,0
1455305868,38,1
1455306095,26,0
1455306132,26,0
1455306769,18,0
1455307318,26,0
1455307401,18,0
1455307806,1,0
1455307860,27,0
1455307958,27,0
1455308041,27,1
1455308477,11,0
1455308567,18,0
1455308812,5,0
1455308936,42,1
1455309440,15,1
1455310248,45,0
1455310357,45,1
1455310610,45,0
1455310915,4,0
1455311005,18,0
1455311747,27,0
1455311813,27,1
1455311873,18,0
1455312011,27,1
1455313676,27,0
1455313697,27,1
1455313700,27,1
1455314328,47,0
1455314361,47,0
1455314396,47,1
1455314433,47,0
1455314441,47,0
1455314563,47,0
1455315260,47,0
1455315276,47,1
1455315317,47,0
1455315329,47,0
1455315351,47,0
1455315356,47,0
1455315400,47,0
1455315404,47,1
1455315421,47,0
1455315445,47,0
1455315448,47,0
1455315499,47,0
1455315504,47,0
1455315511,47,0
1455315519,47,0
1455315531,47,0
1455315547,47,0
1455315557,47,0
1455315565,47,1
1455315675,47,0
1455315679,47,0
1455315774,47,0
1455315782,47,0
1455315813,47,0
1455315919,47,0
1455315938,46,0
1455315971,47,0
1455316036,47,1
1455316045,47,0
1455316063,47,0
1455316071,47,0
1455316080,47,0
1455316085,47,0
1455316123,47,0
1455316252,46,0
1455316257,42,0
1455316257,42,0
1455316310,18,0
1455316313,47,0
1455316333,47,0
1455316363,47,0
1455316530,38,0
1455316552,27,0
1455316592,27,1
1455316803,1,0
1455316863,18,0
1455317079,33,1
1455317129,46,0
1455317266,38,0
1455317887,19,0
1455317995,38,0
1455319807,1,0
1455320156,47,0
1455320180,23,1
1455320240,47,0
1455320306,23,0
1455320535,47,0
1455320687,47,0
1455320747,47,0
1455320919,47,0
1455321145,47,0
1455321176,47,0
1455321186,47,1
1455321215,47,1
1455321220,47,0
1455321228,47,0
1455321302,33,0
1455321471,47,0
1455321484,47,0
1455321716,18,0
1455321878,27,0
1455322084,11,0
1455322112,47,0
1455322137,47,0
1455322563,44,0
1455322578,44,0
1455324148,21,0
1455324216,21,0
1455324357,21,0
1455324657,21,0
1455324757,27,0
1455324902,33,0
1455325244,47,0
1455325280,47,0
1455325666,19,0
1455325724,19,0
1455326104,45,0
1455326913,33,0
1455327645,47,0
1455327997,18,0
1455328089,14,0
1455328105,14,0
1455328113,14,0
1455328882,27,0
1455328887,27,1
1455328976,27,1
1455330224,29,0
1455330263,18,0
1455330314,29,0
1455330398,27,0
1455331838,27,0
1455332091,45,0
1455332258,49,0
1455332992,19,0
1455333013,19,0
1455333908,33,1
1455333947,14,1
1455335827,33,0
1455336636,49,0
1455336752,49,0
1455336801,38,1
1455337283,29,0
1455337563,19,0
1455338048,35,1
1455338160,26,0
1455338241,19,0
1455338279,19,0
1455338457,19,0
1455338773,19,0
1455338921,19,0
1455339015,5,0
1455339400,5,0
1455339436,19,0
1455339583,21,0
1455339626,21,0
1455340120,29,0
1455340148,19,0
1455340224,5,0
1455340390,5,0
1455340390,5,0
1455340412,5,0
1455341060,19,0
1455341773,21,0
1455341789,21,0
1455343148,1,0
1455345330,49,0
1455347303,51,0
1455347425,51,0
1455347500,51,0
1455347715,51,0
1455347875,49,0
1455347934,51,0
1455349215,29,0
1455349426,49,0
1455351052,29,0
1455351606,27,1
1455351956,27,1
1455352419,26,0
1455352459,51,0
1455352581,51,0
1455352681,29,0
1455352790,26,0
1455353796,27,0
1455353824,27,0
1455353901,27,0
1455359071,51,0
1455360631,51,0
1455361115,29,0
1455368987,41,0
1455369389,18,0
1455371962,19,0
1455372137,19,0
1455372840,19,0
1455372925,18,0
1455373235,18,0
1455374386,19,0
1455376966,18,0
1455377103,44,0
1455377623,19,0
1455378305,19,0
1455378400,19,0
1455380662,16,0
1455382543,47,0
1455382555,47,0
1455382566,47,0
1455382770,19,0
1455382959,47,0
1455383172,47,0
1455383544,47,0
1455383765,47,0
1455384153,47,0
1455384312,47,0
1455384973,47,0
1455385000,47,0
1455385009,47,0
1455385116,47,0
1455385201,47,0
1455385227,47,0
1455385242,47,0
1455385361,47,0
1455385412,47,0
1455385687,47,0
1455385857,47,0
1455385953,47,0
1455386377,47,0
1455386566,47,0
1455387825,47,0
1455388224,47,0
1455389073,35,0
1455389974,21,0
1455390000,21,0
1455390393,19,0
1455390416,19,0
1455390470,19,0
1455390485,19,0
1455390684,19,0
1455390771,19,0
1455390824,19,0
1455391107,19,0
1455391152,41,0
1455391211,19,0
1455391228,19,0
1455391448,35,0
1455391541,19,0
1455391787,19,0
1455391791,19,0
1455391927,35,0
1455392483,35,0
1455392701,35,0
1455393054,19,0
1455393159,35,0
1455393179,19,0
1455393229,19,0
1455393292,19,0
1455393393,19,0
1455393600,35,0
1455394156,27,0
1455394172,27,0
1455394191,27,1
1455394197,27,1
1455394208,27,0
1455394226,27,0
1455394265,27,0
1455394272,27,0
1455394322,27,0
1455394664,18,0
1455395288,18,0
1455395443,18,0
1455395793,18,0
1455396224,19,0
1455396633,21,0
1455396747,11,0
1455397157,38,1
1455397454,38,1
1455397493,19,0
1455397551,19,0
1455398277,19,0
1455398469,11,0
1455398888,38,1
1455398969,47,0
1455399399,47,0
1455399407,47,0
1455399505,47,0
1455399556,47,0
1455399598,11,0
1455400134,19,0
1455400225,11,0
1455400812,33,0
1455400862,11,0
1455401226,51,0
1455401237,19,0
1455401838,51,0
1455402093,51,0
1455402113,51,0
1455404385,11,0
1455404886,11,0
1455406269,5,0
1455407000,51,0
1455408333,20,0
1455408905,1,0
1455409983,38,0
1455410012,38,0
1455410610,5,0
1455410621,5,0
1455411036,21,0
1455411380,47,0
1455411385,47,0
1455411475,47,0
1455411510,29,0
1455411536,5,0
1455412162,29,0
1455412197,29,0
1455412740,35,0
1455412992,38,1
1455414391,16,0
1455415514,51,0
1455416390,4,0
1455416407,1,0
1455416478,27,0
1455416818,27,0
1455417081,16,0
1455418014,27,0
1455418296,27,0
1455418562,16,0
1455418793,4,0
1455419152,20,0
1455419349,47,0
1455419379,47,0
1455419381,20,0
1455419463,47,0
1455419798,20,0
1455420263,19,0
1455420672,20,0
1455421186,20,0
1455421525,47,0
1455421532,47,0
1455421596,47,0
1455421600,47,0
1455421632,47,0
1455421739,47,0
1455421766,47,0
1455421897,47,0
1455421988,35,0
1455422019,49,0
1455422061,20,0
1455422120,29,0
1455422193,19,0
1455422777,20,0
1455422810,47,0
1455422822,47,0
1455423278,20,0
1455424083,27,0
1455424781,27,0
1455424850,27,0
1455424912,27,0
1455424961,27,0
1455425034,27,1
1455425090,27,0
1455425342,27,0
1455425350,27,0
1455426402,19,0
1455428097,16,0
1455428193,16,0
1455429274,51,0
1455429550,49,0
1455430700,20,0
1455430959,20,0
1455431013,20,0
1455431081,20,0
1455432381,20,0
1455432519,20,0
1455432530,20,0
1455432673,20,0
1455432693,11,0
1455433509,27,0
1455433964,20,0
1455434404,21,0
1455435503,49,0
1455436368,20,0
1455436908,20,0
1455437146,20,0
1455438563,49,0
1455440196,38,0
1455442142,23,0
1455442793,49,0
1455443931,20,0
1455444418,20,0
1455446312,11,0
1455447699,27,0
1455447757,27,0
1455447766,27,0
1455447788,27,0
1455452469,18,0
1455458081,16,0
1455458993,16,0
1455461166,41,0
1455461295,41,0
1455461496,19,0
1455463236,41,0
1455464419,41,0
1455465075,41,0
1455466544,16,0
1455467338,19,0
1455467406,19,0
1455471485,5,0
1455471694,5,0
1455471701,5,0
1455471707,5,0
1455471718,5,0
1455471730,5,0
1455471740,5,0
1455471845,5,0
1455471848,5,0
1455471884,19,0
1455471894,19,0
1455472035,19,0
1455472081,19,0
1455474932,51,0
1455475114,18,0
1455475161,18,0
1455475416,21,0
1455475497,21,0
1455475587,21,0
1455475680,19,0
1455475991,19,0
1455476011,49,0
1455477174,19,0
1455477973,19,0
1455478386,47,0
1455478646,18,0
1455480010,33,0
1455480148,14,0
1455481523,18,0
1455482112,47,0
1455482246,47,0
1455482274,47,0
1455482287,47,0
1455482290,47,0
1455482323,47,0
1455482341,47,0
1455482371,47,0
1455482384,47,0
1455482411,47,0
1455483147,27,0
1455483154,27,0
1455483203,38,0
1455483203,47,0
1455483324,21,0
1455483442,47,0
1455483495,11,0
1455483509,47,0
1455483556,47,0
1455483648,27,0
1455483827,11,0
1455483979,17,0
1455484041,47,0
1455484045,47,0
1455484492,19,0
1455484804,47,0
1455484826,47,0
1455484912,47,0
1455484924,47,0
1455485037,19,0
1455485255,18,0
1455485402,27,1
1455485968,18,0
1455485975,27,0
1455486047,27,0
1455486090,27,0
1455486456,27,1
1455486505,27,0
1455486533,27,0
1455486682,18,0
1455487310,19,0
1455487318,19,0
1455487373,19,0
1455487573,19,0
1455487970,11,0
1455488492,49,0
1455488498,18,0
1455489230,19,0
1455489667,19,0
1455489669,19,0
1455489686,19,0
1455489862,19,0
1455490637,18,0
1455491117,27,0
1455491189,27,0
1455491249,27,0
1455492236,27,0
1455492734,19,0
1455492842,19,0
1455492927,19,0
1455492971,19,0
1455493070,19,0
1455493155,19,0
1455493183,25,0
1455493243,19,0
1455494091,51,0
1455494108,51,0
1455494126,51,0
1455494269,27,0
1455494292,27,0
1455496103,19,0
1455496263,19,0
1455496406,27,0
1455496836,27,0
1455497111,27,0
1455497263,19,0
1455497338,19,0
1455497645,19,0
1455497712,19,0
1455497730,19,0
1455497784,19,0
1455498991,49,0
1455499752,18,0
1455499937,27,0
1455499949,18,0
1455500223,47,0
1455500234,47,0
1455500290,47,0
1455500387,47,0
1455500417,47,0
1455500588,47,0
1455500597,47,0
1455500647,47,0
1455500654,47,0
1455500673,47,0
1455500725,47,0
1455501353,5,0
1455501356,5,0
1455501532,5,0
1455501537,29,0
1455501584,29,0
1455501630,29,0
1455501668,29,0
1455502603,5,0
1455504706,47,0
1455504711,47,0
1455504729,47,0
1455504979,47,0
1455504990,47,0
1455505009,47,0
1455505015,47,0
1455505021,47,0
1455505509,47,0
1455505537,47,0
1455505550,47,0
1455505564,19,0
1455505598,47,0
1455505653,47,0
1455505660,47,0
1455505667,47,0
1455505690,47,0
1455505747,47,0
1455505757,47,1
1455505876,47,0
1455505885,47,0
1455505889,47,0
1455506242,47,0
1455506250,47,0
1455506367,47,0
1455506395,47,0
1455506594,47,0
1455507463,51,0
1455507478,51,0
1455507604,51,0
1455508056,19,0
1455508166,19,0
1455508273,19,0
1455508983,18,0
1455509078,18,0
1455511273,17,0
1455513889,27,0
1455514666,47,0
1455517077,27,0
1455517132,27,0
1455517290,27,1
1455517828,25,0
1455518702,27,0
1455519238,20,0
1455521212,17,0
1455522393,27,1
1455522641,29,0
1455522876,29,0
1455523199,27,0
1455523219,27,1
1455523298,29,0
1455524876,41,0
1455526063,21,0
1455526081,41,0
1455526084,41,0
1455526323,41,0
1455526419,21,0
1455526993,20,0
1455527067,41,0
1455527463,21,0
1455527597,21,0
1455529127,27,0
1455530672,5,0
1455530820,5,0
1455532449,27,0
1455533179,27,0
1455533210,27,0
1455533213,27,0
1455534065,27,0
1455534483,5,0
1455535682,51,0
1455535708,51,0
1455541343,18,0
1455541412,5,0
1455545969,44,0
1455546355,17,0
1455546446,5,0
1455549513,5,1
1455551286,19,0
1455551322,19,0
1455551387,19,0
1455551503,5,0
1455551697,19,0
1455551716,19,0
1455558506,49,0
1455560101,33,0
1455560976,18,0
1455561133,29,0
1455562087,18,0
1455562751,49,0
1455563608,25,0
1455563657,44,0
1455564421,47,0
1455564443,47,0
1455564456,47,0
1455564470,47,0
1455566798,33,0
1455566872,35,0
1455567482,38,0
1455567524,38,1
1455568483,18,0
1455568822,49,0
1455570614,27,0
1455570653,27,0
1455573081,27,0
1455573312,33,0
1455575911,5,0
1455575915,51,0
1455575962,5,0
1455576023,5,0
1455576069,5,0
1455576293,5,0
1455576836,27,0
1455577004,27,0
1455577558,27,0
1455577577,27,0
1455577868,11,0
1455577973,5,0
1455578020,14,1
1455578039,5,0
1455578466,5,0
1455578536,27,0
1455578670,5,0
1455578682,11,0
1455578828,5,0
1455578953,27,0
1455579256,27,0
1455580374,11,0
1455580649,47,0
1455580692,47,0
1455580709,47,0
1455580735,47,0
1455580743,47,0
1455580789,47,0
1455580801,47,0
1455580826,47,0
1455580931,47,1
1455580956,47,0
1455580970,47,0
1455581063,47,0
1455581177,47,0
1455581729,23,0
1455582168,19,0
1455582507,17,0
1455582926,27,0
1455582976,27,0
1455584957,47,0
1455584963,47,0
1455585001,47,0
1455585016,47,0
1455585036,47,0
1455585046,47,0
1455585057,47,0
1455585113,47,0
1455585141,47,0
1455585194,47,0
1455585244,47,0
1455585264,47,0
1455585290,19,0
1455585310,47,0
1455585319,47,0
1455585353,47,0
1455585462,47,0
1455585639,47,0
1455585692,47,0
1455585747,47,0
1455585783,47,0
1455585797,47,0
1455585841,47,0
1455585853,47,0
1455585868,19,0
1455585934,19,0
1455585963,47,0
1455585985,47,0
1455586005,47,0
1455586147,27,0
1455586271,47,0
1455586278,47,0
1455586311,47,1
1455586331,19,0
1455586367,19,0
1455586423,27,1
1455586730,27,0
1455586736,27,0
1455587029,27,1
1455587464,25,0
1455587643,19,0
1455588133,19,0
1455588159,47,0
1455588224,47,0
1455588450,47,0
1455588458,47,0
1455588461,47,0
1455588474,47,0
1455588479,47,0
1455588502,47,0
1455588512,47,0
1455588531,47,0
1455588541,47,0
1455588545,47,0
1455588549,47,0
1455588558,47,0
1455588673,47,0
1455588694,47,0
1455588700,47,0
1455588811,47,1
1455588875,47,0
1455588897,47,0
1455588903,47,0
1455588907,47,0
1455590064,26,0
1455590348,33,0
1455590974,47,0
1455590998,38,1
1455591234,47,0
1455591252,47,0
1455591258,47,0
1455591270,47,0
1455591287,47,0
1455591365,47,0
1455591449,47,0
1455591470,47,0
1455591479,47,0
1455591518,47,0
1455591590,47,0
1455591707,47,0
1455591728,47,0
1455592814,5,0
1455592823,5,0
1455593007,5,0
1455593091,5,0
1455593300,5,0
1455593401,33,1
1455595997,49,0
1455596022,1,0
1455596867,29,0
1455596872,29,0
1455597147,47,0
1455597304,47,0
1455597459,47,0
1455597479,47,0
1455597582,47,0
1455597724,47,0
1455598068,47,0
1455598105,47,0
1455598109,47,0
1455598127,47,0
1455598138,47,0
1455598305,47,0
1455598320,47,0
1455598326,47,0
1455598344,47,0
1455600003,27,0
1455600638,27,0
1455601781,27,0
1455602406,51,0
1455602638,51,0
1455603247,20,0
1455604202,47,0
1455604343,47,0
1455604491,47,0
1455604587,47,0
1455604638,27,0
1455604650,47,0
1455604670,47,0
1455605486,47,0
1455605718,47,0
1455605728,47,0
1455605738,47,0
1455606667,49,0
1455608793,20,0
1455609309,20,0
1455611004,41,0
1455612029,46,0
1455612907,41,0
1455614689,29,0
1455614838,29,0
1455615835,29,0
1455615863,29,0
1455616635,29,0
1455618528,29,0
1455618530,29,0
1455630183,3,0
1455630246,3,0
1455631150,27,0
1455631819,27,0
1455633282,41,0
1455633384,19,0
1455634043,5,0
1455634091,41,0
1455634100,5,0
1455634278,41,0
1455634744,41,0
1455635485,49,0
1455636341,44,0
1455636545,41,0
1455636629,41,0
1455637256,41,0
1455638200,41,0
1455638226,41,0
1455645306,21,0
1455645614,33,0
1455646642,21,0
1455648415,38,0
1455650499,18,0
1455651412,11,0
1455651985,11,0
1455653480,38,1
1455653628,27,0
1455654120,27,0
1455654138,51,0
1455654152,51,0
1455654153,51,0
1455654267,11,0
1455654475,47,0
1455654500,47,0
1455654664,47,0
1455654707,47,0
1455654779,47,0
1455654791,47,0
1455654796,29,0
1455654806,47,0
1455654812,47,0
1455654816,27,0
1455654849,44,0
1455654890,47,0
1455654992,47,0
1455655025,44,0
1455655105,47,0
1455655122,47,0
1455655257,47,0
1455655272,47,0
1455655394,47,0
1455655404,47,0
1455655757,19,0
1455655844,19,0
1455655930,27,0
1455655965,11,0
1455656884,11,0
1455658884,27,0
1455659451,11,0
1455659798,11,0
1455660246,33,0
1455660265,33,0
1455660418,27,0
1455660454,27,0
1455660480,27,0
1455660745,20,0
1455661804,33,0
1455662378,20,0
1455662521,21,0
1455663698,1,0
1455664277,45,0
1455665016,11,0
1455665174,20,0
1455665694,27,0
1455666194,51,0
1455666271,20,0
1455666279,27,0
1455666343,51,0
1455666460,41,0
1455666814,19,0
1455666901,19,0
1455667226,19,0
1455667468,20,0
1455668431,19,0
1455668472,19,0
1455669190,29,0
1455669438,27,0
1455669601,27,0
1455669927,21,0
1455670039,21,0
1455670414,18,0
1455670523,18,0
1455670647,18,0
1455670776,47,0
1455672051,20,0
1455672660,19,0
1455672671,19,0
1455672708,19,0
1455672708,19,0
1455672760,19,0
1455672931,19,0
1455672932,19,0
1455672950,19,0
1455673013,19,0
1455673033,19,0
1455673145,19,0
1455673148,19,0
1455673352,14,0
1455673382,14,0
1455673411,14,0
1455673444,14,0
1455673559,19,0
1455673640,19,0
1455673651,49,0
1455675139,27,0
1455675330,19,0
1455675447,27,0
1455675464,19,0
1455675498,19,0
1455675635,29,0
1455675785,27,0
1455675819,35,0
1455675902,51,0
1455676176,5,0
1455676273,33,0
1455676287,35,1
1455676387,27,0
1455676464,51,0
1455676474,5,0
1455676479,27,0
1455676492,51,0
1455676495,51,0
1455676612,27,0
1455676933,27,0
1455677122,21,0
1455677517,27,0
1455677542,19,0
1455677590,5,0
1455677969,5,0
1455678892,46,0
1455679208,47,0
1455679230,47,0
1455679266,47,0
1455679278,47,0
1455679320,47,0
1455679329,47,0
1455679337,47,0
1455679344,47,0
1455679349,47,0
1455679351,20,0
1455679353,47,0
1455679357,47,0
1455679367,47,0
1455679369,47,0
1455679375,47,0
1455679562,47,0
1455679586,47,0
1455679645,47,0
1455679649,47,0
1455679674,47,0
1455679682,47,0
1455679689,47,0
1455679728,47,0
1455679736,47,0
1455679787,47,0
1455679937,20,0
1455680038,47,0
1455680144,20,0
1455681350,49,0
1455682412,27,1
1455683454,51,0
1455684824,47,0
1455684841,47,0
1455685211,21,0
1455685317,21,0
1455686296,27,0
1455687817,49,0
1455688436,51,0
1455688629,51,0
1455689629,21,0
1455689680,21,0
1455691060,41,0
1455691247,29,0
1455691338,47,0
1455691352,47,0
1455691731,25,0
1455693009,21,0
1455693022,21,0
1455693097,21,0
1455694125,21,0
1455694571,29,0
1455694849,27,0
1455698737,33,0
1455698796,33,0
1455699705,51,0
1455703925,51,0
1455703949,51,0
1455703954,51,0
1455703981,51,0
1455706044,51,0
1455707996,27,0
1455708160,27,0
1455708167,27,0
1455708179,27,0
1455708655,18,0
1455708752,18,0
1455709200,18,0
1455709319,18,0
1455709566,18,0
1455710095,44,0
1455710152,51,0
1455711776,35,0
1455711843,35,0
1455712002,35,0
1455716908,35,0
1455717003,35,0
1455719264,41,0
1455719307,41,0
1455721579,19,0
1455722991,5,0
1455723110,5,0
1455723700,5,0
1455724476,18,0
1455725098,47,0
1455725447,47,0
1455725460,47,0
1455725510,47,0
1455725522,47,0
1455725584,47,0
1455725735,47,0
1455725829,47,0
1455725835,47,0
1455725858,47,0
1455725876,47,0
1455725900,47,0
1455728635,21,0
1455729534,47,0
1455729853,47,0
1455731088,41,0
1455731125,41,0
1455731339,44,0
1455731440,41,0
1455731708,21,0
1455732009,33,0
1455732059,35,0
1455732063,35,0
1455732080,35,0
1455733546,29,0
1455733731,29,0
1455733747,51,0
1455733751,51,0
1455733754,29,0
1455734931,49,0
1455735695,29,0
1455736064,49,0
1455736174,20,0
1455737104,38,1
1455737790,20,0
1455738074,47,0
1455738105,14,0
1455738394,38,0
1455738504,38,0
1455739551,44,0
1455739594,44,0
1455739637,44,0
1455740471,21,0
1455740814,35,0
1455741088,35,0
1455741089,27,0
1455741141,26,0
1455741170,33,0
1455741591,27,0
1455741803,27,0
1455741923,47,0
1455742370,11,0
1455742502,51,0
1455742630,11,0
1455743338,51,0
1455743585,1,0
1455744899,35,0
1455745261,35,0
1455745583,51,0
1455745646,35,0
1455745842,35,0
1455746055,51,0
1455746335,18,0
1455746558,18,0
1455746837,18,0
1455747302,33,0
1455747436,11,0
1455747718,11,0
1455747759,18,0
1455747834,11,0
1455747845,18,0
1455747941,51,0
1455747972,51,0
1455748059,38,1
1455748095,51,0
1455748218,51,0
1455748544,20,0
1455749300,20,0
1455749318,51,0
1455749558,11,0
1455749790,35,0
1455750188,20,0
1455751249,25,0
1455751339,20,0
1455753670,21,0
1455753705,21,1
1455754539,21,0
1455754941,18,0
1455754959,51,0
1455754965,51,0
1455754987,51,0
1455755599,1,0
1455755701,51,0
1455756173,27,0
1455756225,20,0
1455756228,27,0
1455756420,27,0
1455756879,20,0
1455757376,29,0
1455757445,38,0
1455757767,21,0
1455757782,29,0
1455757822,21,0
1455758392,29,0
1455758398,19,0
1455758588,19,0
1455758594,19,0
1455758601,19,0
1455758603,19,0
1455758604,19,0
1455758658,19,0
1455758673,19,0
1455758756,19,0
1455758790,29,0
1455758815,19,0
1455758893,19,0
1455758968,19,0
1455758984,19,0
1455758997,19,0
1455759003,19,0
1455759025,19,0
1455759062,19,0
1455759085,19,0
1455759093,19,0
1455759188,19,0
1455759198,19,0
1455759314,19,0
1455759441,19,0
1455759517,29,0
1455759590,27,0
1455759712,27,1
1455759721,27,1
1455759781,27,1
1455760098,29,0
1455760807,29,0
1455761241,29,0
1455761341,29,0
1455761717,29,0
1455761911,29,0
1455762411,29,0
1455762936,29,0
1455763339,35,0
1455763699,29,0
1455763764,33,1
1455763794,29,0
1455763814,29,0
1455763847,29,0
1455763888,29,0
1455763897,29,0
1455763909,29,0
1455763933,29,0
1455763939,35,0
1455763995,29,0
1455764009,29,0
1455764058,35,1
1455764101,35,0
1455764212,35,0
1455765107,26,0
1455766512,29,0
1455767362,19,0
1455768110,26,0
1455768495,26,0
1455768820,27,0
1455769097,27,0
1455770571,27,0
1455770729,49,0
1455770990,27,0
1455772829,27,0
1455773332,27,0
1455773709,49,0
1455774385,27,0
1455774690,27,0
1455775303,27,0
1455775776,49,0
1455775873,45,0
1455776480,27,0
1455776522,27,0
1455776532,27,0
1455776543,27,0
1455776865,45,0
1455777510,27,0
1455778958,29,0
1455779052,29,0
1455779069,29,0
1455779199,29,0
1455779639,29,0
1455780972,21,0
1455784951,20,0
1455785350,45,0
1455785986,29,0
1455786807,16,0
1455787827,27,0
1455789210,51,0
1455789214,51,0
1455789223,51,0
1455789230,51,0
1455791148,27,0
1455795279,35,0
1455797153,35,0
1455797550,35,0
1455799127,27,0
1455799517,41,0
1455799575,41,0
1455803585,19,0
1455803967,44,0
1455803984,41,0
1455804076,44,0
1455807634,44,0
1455808618,35,0
1455812175,19,0
1455812182,19,0
1455813355,19,0
1455813366,19,0
1455813832,5,0
1455814329,5,0
1455815352,19,0
1455817328,21,0
1455817330,47,0
1455817343,47,0
1455817365,47,0
1455817408,47,0
1455817501,26,0
1455817676,18,0
1455817698,18,0
1455818122,21,0
1455819155,41,0
1455819225,41,0
1455819315,41,0
1455819374,41,0
1455819421,41,0
1455819537,18,0
1455819659,35,0
1455819672,41,0
1455819988,41,0
1455820157,45,0
1455820191,21,0
1455822034,20,0
1455822338,20,0
1455822348,21,0
1455822366,35,0
1455822407,35,0
1455823228,18,0
1455823705,19,0
1455824459,14,0
1455825380,47,0
1455825398,47,0
1455825422,47,0
1455825461,47,0
1455825472,47,0
1455825481,47,0
1455825766,14,0
1455826196,51,0
1455826229,51,0
1455826261,21,0
1455826275,35,0
1455826369,21,0
1455826416,19,0
1455826418,19,0
1455826422,19,0
1455826427,19,0
1455826435,19,0
1455826466,19,0
1455826483,19,0
1455826502,19,0
1455826589,19,0
1455826594,19,0
1455826754,19,0
1455826762,19,0
1455827483,33,0
1455827520,33,0
1455827664,35,0
1455828106,15,0
1455828151,11,0
1455828513,11,0
1455828522,19,0
1455828557,11,0
1455828568,19,0
1455828572,19,0
1455828586,19,0
1455828770,11,0
1455828799,11,0
1455828830,19,0
1455829007,14,0
1455829052,49,0
1455829249,49,0
1455829606,19,0
1455829835,19,0
1455829842,19,0
1455829908,19,0
1455830014,49,0
1455830032,19,0
1455830049,19,0
1455830263,19,0
1455830267,49,0
1455830404,19,0
1455830848,29,0
1455831346,19,0
1455831527,19,0
1455831537,19,0
1455832178,11,0
1455832716,33,0
1455832945,49,0
1455833107,51,0
1455833197,51,0
1455833234,49,0
1455833298,46,0
1455833485,19,0
1455833487,19,0
1455833494,19,0
1455833536,19,0
1455833537,19,0
1455833538,19,0
1455833565,19,0
1455833621,19,0
1455833631,11,0
1455833636,19,0
1455833753,19,0
1455834708,51,0
1455834873,51,0
1455836029,27,0
1455836842,11,0
1455838344,29,0
1455838394,29,0
1455838439,29,0
1455838777,1,0
1455840600,27,0
1455840948,21,0
1455844383,29,0
1455844450,29,0
1455846560,29,0
1455846658,49,0
1455846772,51,0
1455848315,26,0
1455848344,26,0
1455849355,47,0
1455849584,47,0
1455849626,47,0
1455849630,47,0
1455849634,47,0
1455849640,35,0
1455849652,47,0
1455849705,47,0
1455849732,47,0
1455849752,47,0
1455849766,47,0
1455849831,47,0
1455849851,47,0
1455849875,47,0
1455849925,47,0
1455849942,47,0
1455849953,47,0
1455850155,47,0
1455850252,26,0
1455850432,5,0
1455851290,35,0
1455851382,51,0
1455851592,35,0
1455851620,35,0
1455851796,35,0
1455851810,33,0
1455851870,47,0
1455851887,47,0
1455851895,47,0
1455851910,47,0
1455851915,47,0
1455852554,47,0
1455852567,47,0
1455852582,47,0
1455852652,47,0
1455853310,25,0
1455853387,25,0
1455853622,25,0
1455854115,35,0
1455855006,51,0
1455855117,51,0
1455855789,47,0
1455855810,47,0
1455855821,47,0
1455855843,47,0
1455855865,47,0
1455855871,47,0
1455855890,47,0
1455855900,47,0
1455855911,27,0
1455855929,27,0
1455855949,47,0
1455855985,47,0
1455855994,47,0
1455856017,47,0
1455856105,47,0
1455856156,47,0
1455856241,47,0
1455856250,47,0
1455856255,47,0
1455856267,47,0
1455856314,47,0
1455856354,20,0
1455857920,51,0
1455857975,33,0
1455858183,51,0
1455859122,33,0
1455859262,47,0
1455859273,47,0
1455859395,47,0
1455859415,21,0
1455859415,47,0
1455859433,47,0
1455859530,47,0
1455859547,47,0
1455859553,47,0
1455861585,33,0
1455862962,49,0
1455863657,33,0
1455863797,49,0
1455864077,33,0
1455865107,20,0
1455865657,33,0
1455866713,38,1
1455867525,33,0
1455868047,51,0
1455868216,38,0
1455869321,38,1
1455874687,29,0
1455876255,19,0
1455876275,19,0
1455877196,33,0
1455877229,33,0
1455877505,46,0
1455877584,46,0
1455877595,46,0
1455877617,46,0
1455877629,46,0
1455877641,46,0
1455877651,46,0
1455877659,46,0
1455877668,46,0
1455877676,46,0
1455877685,46,0
1455877693,46,0
1455877707,46,0
1455877772,46,0
1455877792,46,0
1455877818,46,0
1455877832,46,0
1455877841,46,0
1455877854,46,0
1455877866,46,0
1455877884,46,0
1455877899,46,0
1455877913,46,0
1455877937,46,0
1455877945,46,0
1455877953,46,0
1455878234,46,0
1455878243,46,0
1455878283,46,0
1455878311,46,0
1455878339,46,0
1455878357,46,0
1455878394,46,0
1455878481,46,0
1455878539,46,0
1455878790,46,0
1455878814,46,0
1455878888,46,0
1455878960,46,0
1455879128,46,0
1455879190,46,0
1455879232,46,0
1455879261,46,0
1455879298,46,0
1455879345,46,0
1455879396,46,0
1455879460,46,0
1455879577,46,0
1455879695,46,0
1455879764,46,0
1455883944,19,0
1455887748,35,0
1455887899,35,0
1455890117,41,0
1455890831,19,0
1455891172,35,0
1455891745,41,0
1455891940,41,0
1455892164,41,0
1455892297,41,0
1455892494,41,0
1455892910,41,0
1455893589,41,0
1455894502,41,0
1455895743,5,0
1455895822,5,0
1455896155,41,0
1455896622,41,0
1455896904,5,0
1455896932,19,0
1455897012,19,0
1455898138,35,0
1455898440,35,0
1455898448,5,0
1455899154,35,0
1455899738,35,0
1455900592,19,0
1455900733,19,0
1455900822,19,0
1455900911,19,0
1455901021,44,0
1455901045,19,0
1455902678,19,0
1455902707,19,0
1455902850,19,0
1455902934,19,0
1455902941,19,0
1455903366,11,0
1455903757,3,0
1455903757,3,0
1455904523,21,0
1455904896,11,0
1455905390,18,0
1455905819,11,0
1455905866,11,0
1455906165,29,0
1455906251,29,0
1455908181,11,0
1455908557,44,0
1455908595,44,0
1455908748,11,0
1455908829,11,0
1455909099,47,0
1455909120,47,0
1455909139,47,0
1455909219,47,0
1455909246,47,0
1455909353,47,0
1455909657,47,0
1455909744,15,0
1455909926,47,0
1455910987,47,0
1455910991,47,0
1455911443,11,0
1455911474,11,0
1455913854,35,0
1455914042,33,0
1455914193,33,0
1455914461,26,0
1455915722,27,0
1455915784,27,1
1455915789,38,1
1455915950,27,0
1455916617,51,0
1455918334,49,0
1455918428,11,0
1455918994,5,0
1455919010,5,0
1455919215,11,0
1455919382,25,0
1455920019,18,0
1455921434,21,0
1455921637,19,0
1455921640,19,0
1455921796,27,0
1455921952,27,0
1455921996,19,0
1455922007,19,0
1455922149,27,0
1455922534,21,0
1455922793,47,0
1455922811,47,0
1455922815,47,0
1455922821,47,0
1455922836,47,0
1455922922,27,0
1455923909,19,0
1455923936,19,0
1455924324,19,0
1455924469,19,0
1455924579,21,0
1455926352,47,0
1455926368,47,0
1455926660,18,0
1455927354,21,0
1455928577,19,0
1455929865,47,0
1455929881,47,0
1455929918,47,0
1455929933,47,0
1455929947,47,0
1455929950,21,0
1455929965,47,0
1455930001,47,0
1455930061,47,0
1455930065,47,0
1455930629,26,0
1455930669,51,0
1455932418,14,0
1455933135,14,0
1455933301,33,0
1455937206,33,0
1455937581,43,0
1455937591,43,0
1455938102,33,0
1455938115,49,0
1455939918,27,0
1455940091,27,0
1455940106,27,0
1455940572,27,0
1455941422,27,0
1455941434,27,0
1455941458,27,0
1455941597,27,0
1455941620,27,0
1455941656,27,0
1455941668,27,0
1455942279,49,0
1455943876,21,0
1455944526,11,0
1455945025,27,0
1455946026,46,0
1455946396,47,0
1455948417,51,0
1455949370,1,0
1455950449,29,0
1455951010,20,0
1455951107,20,0
1455952974,20,0
1455954045,29,0
1455956685,27,0
1455956929,27,0
1455957014,20,0
1455957271,27,0
1455958238,20,0
1455958780,29,0
1455959046,20,0
1455959074,20,0
1455960540,41,0
1455960725,29,0
1455960809,29,0
1455961051,29,0
1455961278,11,0
1455962421,29,0
1455963124,27,0
1455963170,27,0
1455963200,20,0
1455963304,11,0
1455964305,11,0
1455964400,11,0
1455965076,11,0
1455965080,11,0
1455965083,11,0
1455965090,11,0
1455965147,11,0
1455965228,11,0
1455965309,11,0
1455965883,11,0
1455965900,11,0
1455966359,11,0
1455966482,11,0
1455967476,20,0
1455967872,11,0
1455969606,27,0
1455970281,11,0
1455970969,27,1
1455971522,20,0
1455971593,27,0
1455971606,27,0
1455972580,27,0
1455974910,18,0
1455976328,19,0
1455979326,19,0
1455979720,19,0
1455979852,19,0
1455979945,19,0
1455979957,19,0
1455979965,19,0
1455980731,19,0
1455980797,5,0
1455980807,5,0
1455981138,19,0
1455981480,19,0
1455982805,5,0
1455983553,19,0
1455984268,19,0
1455984283,19,0
1455984287,19,0
1455985015,19,0
1455988365,41,0
1455988482,19,0
1455988901,41,0
1455989720,41,0
1455990207,41,0
1455990415,41,0
1455990830,41,0
1455991621,26,0
1455991888,49,0
1455992064,49,0
1455992421,49,0
1455995264,49,0
1455996692,27,0
1455996722,18,0
1455999993,29,0
1456001214,27,0
1456001514,47,0
1456001521,47,0
1456001971,5,0
1456002006,33,0
1456002045,35,0
1456002268,5,0
1456002631,21,0
1456002839,33,0
1456003232,21,0
1456004340,47,0
1456004419,19,0
1456005037,26,0
1456005057,26,0
1456006029,19,0
1456006869,1,0
1456007856,43,0
1456007859,43,0
1456007896,43,1
1456008711,18,0
1456009517,33,0
1456010369,20,0
1456010611,27,0
1456011502,27,0
1456011517,27,0
1456011833,51,0
1456013585,18,0
1456013609,18,0
1456013649,18,0
1456014795,18,0
1456018862,29,0
1456019117,51,0
1456019396,29,0
1456020609,5,0
1456020932,5,0
1456021342,27,0
1456024206,27,0
1456024211,27,0
1456024746,25,0
1456024746,25,0
1456026795,49,0
1456027852,51,0
1456029041,51,0
1456029552,51,0
1456029634,51,0
1456030024,51,0
1456030154,49,0
1456030245,51,0
1456031677,49,0
1456031698,11,0
1456031836,51,0
1456032070,29,0
1456032108,49,0
1456032195,11,0
1456032502,11,0
1456032535,11,0
1456032575,51,0
1456032823,51,0
1456032845,11,0
1456033078,51,0
1456033107,51,0
1456033197,21,0
1456033329,21,0
1456033935,19,0
1456033955,19,0
1456034118,51,0
1456034263,51,0
1456034565,51,0
1456034573,51,0
1456035168,51,0
1456035175,51,0
1456036810,49,0
1456036827,49,0
1456036845,20,0
1456037329,29,0
1456037343,29,0
1456037372,29,0
1456037474,20,0
1456037654,29,0
1456037789,20,0
1456037827,20,0
1456038015,20,0
1456038482,20,0
1456039052,49,0
1456039847,20,0
1456048537,41,0
1456049439,41,0
1456052266,29,0
1456052380,29,0
1456052965,29,0
1456053459,29,0
1456055951,12,0
1456058594,5,0
1456061512,19,0
1456065234,41,0
1456066147,5,0
1456067454,19,0
1456067560,19,0
1456067975,19,0
1456068124,47,0
1456068135,47,0
1456068498,19,0
1456068518,19,0
1456068856,19,0
1456073499,41,0
1456074402,41,0
1456074911,41,0
1456077349,41,0
1456077525,49,0
1456077554,49,0
1456077598,41,0
1456077733,41,0
1456078101,19,0
1456078467,19,0
1456078743,27,0
1456078752,27,0
1456079110,35,0
1456079280,35,0
1456079364,35,0
1456081481,49,0
1456082337,20,0
1456083506,5,0
1456083885,20,0
1456087917,29,0
1456088359,51,0
1456088405,33,0
1456088549,27,0
1456089195,26,0
1456089305,26,0
1456089309,26,0
1456089331,21,0
1456089409,26,0
1456089474,27,0
1456089480,51,0
1456089491,27,0
1456089914,21,0
1456089947,26,0
1456090389,20,0
1456090589,19,0
1456090603,19,0
1456091560,26,0
1456091631,26,0
1456091729,26,0
1456092375,19,0
1456092439,19,0
1456092574,20,0
1456092656,19,0
1456093453,19,0
1456093466,19,0
1456093570,19,0
1456093972,19,0
1456093990,44,0
1456094092,19,0
1456094153,20,0
1456094280,19,0
1456094799,49,0
1456094960,19,0
1456095078,19,0
1456095122,5,0
1456095416,5,0
1456095445,20,0
1456096324,21,0
1456096327,38,0
1456096439,21,0
1456096481,49,0
1456097661,38,0
1456098480,41,0
1456100322,49,0
1456100623,5,0
1456100634,5,0
1456100654,5,0
1456100743,5,0
1456101903,49,0
1456103050,20,0
1456103275,19,0
1456103794,49,0
1456104661,29,0
1456104664,29,0
1456104666,29,0
1456104668,29,0
1456105349,29,0
1456105598,29,0
1456105630,5,0
1456106044,5,0
1456107356,16,0
1456107526,5,0
1456107662,5,0
1456110133,26,0
1456110165,26,0
1456110236,26,0
1456110253,26,0
1456110260,26,0
1456110363,26,0
1456110576,26,0
1456110596,26,0
1456110652,26,0
1456110771,35,0
1456110975,35,0
1456111496,35,1
1456111582,35,0
1456115815,20,0
1456117309,47,0
1456117334,47,0
1456117343,47,0
1456117456,47,0
1456117468,47,0
1456117518,47,0
1456117531,47,0
1456117544,47,0
1456117610,47,0
1456117680,47,0
1456118055,47,0
1456118062,47,0
1456118145,47,0
1456118165,47,0
1456118221,47,0
1456118229,47,0
1456118255,47,0
1456118358,47,0
1456118462,47,0
1456118560,47,0
1456118567,47,0
1456118620,47,0
1456119856,21,0
1456125883,49,0
1456127721,45,0
1456129308,49,0
1456130224,11,0
1456131040,41,0
1456131356,11,0
1456131356,41,0
1456135334,20,0
1456140907,27,1
1456142978,46,0
1456142978,46,0
1456145605,35,0
1456148479,5,0
1456148709,5,0
1456150097,35,0
1456155921,44,0
1456158168,47,0
1456158517,51,0
1456159136,47,0
1456161035,35,0
1456161084,35,0
1456161111,35,0
1456161159,35,0
1456161310,17,0
1456161310,17,0
1456162725,44,0
1456163064,5,0
1456163222,5,0
1456163587,5,0
1456163722,21,0
1456163803,51,0
1456164818,44,0
1456165841,21,0
1456169107,43,0
1456169142,43,0
1456169409,43,0
1456169412,43,0
1456169412,43,0
1456169432,14,0
1456169666,11,0
1456169990,11,0
1456170000,49,0
1456170004,11,0
1456171395,49,0
1456171479,15,0
1456172106,35,0
1456172323,35,0
1456172927,11,0
1456173661,33,0
1456173805,11,0
1456173892,11,0
1456174345,11,0
1456174400,27,0
1456174530,11,0
1456175105,51,0
1456175181,51,0
1456175913,21,0
1456176288,27,0
1456176329,21,0
1456176541,27,0
1456176958,27,0
1456179199,11,0
1456179896,9,0
1456180034,33,0
1456181055,9,0
1456181386,9,0
1456181486,9,0
1456181486,9,0
1456181865,45,0
1456182010,33,0
1456182377,19,0
1456182591,19,0
1456182592,19,0
1456182594,19,0
1456182611,19,0
1456182614,19,0
1456182625,19,0
1456182728,19,0
1456182755,19,0
1456183007,27,0
1456183068,27,0
1456183097,19,0
1456183099,19,0
1456183103,19,0
1456183104,19,0
1456183108,19,0
1456183179,19,0
1456183231,19,0
1456183381,19,0
1456184022,19,0
1456184032,19,0
1456184447,27,0
1456184452,27,0
1456184709,15,0
1456185613,19,0
1456186087,29,0
1456186090,29,0
1456186110,29,0
1456186340,29,0
1456186501,33,0
1456187103,4,0
1456188846,20,0
1456191515,49,0
1456191537,45,0
1456192560,49,0
1456192803,33,0
1456193530,40,0
1456194200,27,0
1456195628,47,0
1456195792,29,0
1456196487,29,0
1456199758,27,0
1456200256,47,0
1456200956,19,0
1456201862,49,0
1456201898,20,0
1456203630,29,0
1456204042,29,0
1456204275,45,0
1456204899,51,0
1456205398,20,0
1456207087,27,0
1456207530,27,0
1456208080,49,0
1456208472,41,0
1456209970,21,0
1456210835,49,0
1456211748,29,0
1456212027,49,0
1456213723,49,0
1456213944,49,0
1456214779,47,0
1456214904,47,0
1456215486,47,0
1456215580,47,0
1456215899,49,0
1456216589,29,0
1456216919,47,0
1456217068,47,0
1456217182,47,0
1456217464,47,0
1456217594,47,0
1456217695,47,0
1456218104,5,0
1456218115,5,0
1456218118,5,0
1456218138,5,0
1456218148,41,1
1456218226,41,1
1456218277,41,1
1456218420,41,1
1456218567,41,1
1456219667,20,0
1456222143,51,0
1456225368,29,0
1456226238,29,0
1456229309,19,0
1456229934,4,0
1456230345,27,0
1456230454,27,0
1456230462,27,0
1456230475,27,0
1456230515,27,0
1456231010,27,0
1456231059,27,0
1456231324,51,0
1456232295,27,0
1456234055,41,0
1456234381,27,0
1456234449,27,0
1456234565,41,0
1456235016,41,0
1456235415,41,0
1456241636,44,0
1456242053,44,0
1456242140,19,0
1456242204,19,0
1456246442,21,0
1456246523,44,0
1456246709,21,0
1456248019,5,0
1456248083,5,0
1456248903,21,0
1456249060,19,0
1456250112,21,0
1456250891,19,0
1456250939,41,0
1456252135,5,0
1456252402,5,0
1456252613,5,0
1456252806,5,0
1456253140,5,0
1456254007,33,0
1456256594,20,0
1456257208,15,0
1456257208,15,0
1456257449,35,0
1456258694,51,0
1456259406,20,0
1456259632,20,0
1456260103,33,0
1456260171,51,0
1456260394,11,0
1456260448,29,0
1456260687,11,0
1456261291,27,0
1456261618,27,0
1456261669,27,0
1456262073,27,0
1456262915,11,0
1456263064,29,0
1456263086,20,0
1456263425,11,0
1456264256,18,0
1456264378,51,0
1456264560,27,0
1456264591,27,0
1456264689,18,0
1456265133,5,0
1456265228,11,0
1456265416,5,0
1456265512,5,0
1456265770,20,0
1456265960,27,0
1456266681,51,0
1456266987,23,0
1456266987,23,0
1456267022,27,0
1456268882,5,0
1456269193,5,0
1456269722,47,0
1456269782,47,0
1456269800,18,0
1456269818,47,0
1456271819,47,0
1456271866,47,0
1456271875,47,0
1456271907,47,0
1456271945,47,0
1456271957,47,0
1456272012,33,0
1456272228,47,0
1456272234,47,0
1456272239,47,0
1456272249,47,0
1456272295,47,0
1456272302,47,0
1456272308,47,0
1456272437,5,0
1456272642,5,0
1456272892,21,0
1456272928,5,0
1456273009,5,0
1456273076,51,0
1456273162,5,0
1456273327,18,0
1456273335,51,0
1456273536,21,0
1456273538,5,0
1456273885,5,0
1456273982,5,0
1456274056,18,0
1456274103,5,0
1456274173,5,0
1456274281,5,0
1456274612,5,0
1456275018,5,0
1456275264,5,0
1456275346,5,0
1456275409,5,0
1456275449,5,0
1456275473,5,0
1456275915,51,0
1456276142,20,0
1456276255,20,0
1456276446,5,0
1456276535,26,0
1456276537,26,0
1456276541,26,0
1456277218,26,0
1456278185,49,0
1456278318,27,0
1456278420,27,0
1456278541,5,0
1456278553,5,0
1456278576,5,0
1456278589,5,0
1456278620,14,0
1456278849,5,0
1456278881,5,0
1456278927,19,0
1456278967,5,0
1456279000,1,0
1456279410,40,0
1456279410,40,0
1456279610,5,0
1456279623,5,0
1456279687,29,0
1456279796,5,0
1456280180,33,1
1456280288,5,0
1456280482,5,0
1456280850,5,0
1456280955,19,0
1456281508,44,0
1456281844,51,0
1456282069,29,0
1456283037,5,0
1456283325,33,0
1456284797,16,0
1456284797,16,0
1456285565,19,0
1456285572,19,0
1456285591,19,0
1456285680,19,0
1456285703,29,0
1456285730,19,0
1456286369,19,0
1456286727,33,0
1456287230,51,0
1456288244,51,0
1456288738,27,1
1456289068,27,0
1456289177,27,0
1456290075,1,0
1456292210,4,0
1456293483,27,0
1456293487,27,0
1456294664,20,0
1456294998,20,0
1456295244,38,0
1456295244,38,0
1456295603,20,0
1456297637,45,0
1456297637,45,0
1456298178,20,0
1456298729,20,0
1456304543,27,0
1456305973,20,0
1456306175,29,0
1456306236,29,0
1456307930,20,0
1456308479,12,0
1456308479,12,0
1456308949,2,0
1456310703,19,0
1456315620,19,0
1456316428,18,0
1456316428,18,0
1456319737,41,0
1456325663,2,0
1456325834,2,0
1456325980,41,0
1456326081,41,0
1456326399,41,0
1456326808,41,0
1456326838,41,0
1456327070,41,0
1456327155,41,0
1456327261,41,0
1456327538,41,0
1456327705,41,0
1456327810,41,0
1456327841,41,0
1456328023,41,0
1456328083,49,0
1456328180,41,0
1456328189,35,0
1456328487,41,0
1456329078,5,0
1456329355,49,0
1456329380,49,0
1456330233,19,0
1456333361,41,0
1456333629,41,0
1456334577,5,0
1456334857,5,0
1456335058,41,0
1456335092,5,0
1456335161,41,0
1456335208,41,0
1456335318,5,0
1456335736,41,0
1456335748,21,0
1456335986,21,0
1456335997,41,0
1456336529,21,0
1456336688,11,0
1456336809,33,0
1456336920,41,0
1456337264,41,0
1456337264,41,0
1456338295,29,0
1456338653,5,0
1456338722,5,0
1456339381,27,1
1456339496,5,0
1456340598,20,0
1456340854,20,0
1456343384,35,0
1456344411,20,0
1456344561,21,0
1456344571,20,0
1456344722,20,0
1456344750,21,0
1456344926,47,0
1456345774,35,0
1456346902,29,0
1456346942,27,0
1456346968,27,0
1456347014,51,0
1456347080,51,0
1456347190,26,0
1456347190,26,0
1456347218,14,0
1456347402,35,0
1456348253,2,0
1456348836,2,0
1456348975,2,0
1456349144,2,0
1456349147,11,0
1456349195,4,0
1456349195,4,0
1456349239,2,0
1456349320,11,0
1456349402,33,0
1456349437,2,0
1456349592,47,0
1456349594,47,0
1456349684,21,0
1456350074,11,0
1456350122,11,0
1456350265,11,0
1456350280,11,0
1456350368,14,0
1456350917,11,0
1456350929,11,0
1456350942,11,0
1456350950,11,0
1456352620,11,0
1456352620,11,0
1456354146,21,0
1456355068,27,1
1456355153,5,0
1456355641,44,0
1456355731,44,0
1456355737,27,0
1456355766,27,0
1456355801,27,0
1456355850,27,0
1456356207,44,0
1456356227,44,0
1456356328,27,0
1456356504,27,0
1456356557,27,0
1456356575,27,1
1456356738,27,0
1456356793,44,0
1456356950,44,0
1456357118,5,0
1456357140,21,0
1456357606,44,0
1456357686,44,0
1456358062,44,0
1456358255,5,0
1456358294,5,0
1456358336,19,0
1456358336,19,0
1456358391,5,0
1456358635,27,0
1456358772,5,0
1456358859,5,0
1456358894,44,0
1456359030,14,0
1456359030,14,0
1456359266,47,0
1456359321,44,0
1456359928,21,0
1456359928,21,0
1456360069,5,0
1456360300,44,0
1456360434,29,0
1456360644,44,0
1456360804,5,0
1456361012,29,0
1456361037,29,0
1456361050,29,0
1456361081,29,0
1456361137,27,0
1456361218,29,0
1456361321,5,0
1456361533,5,0
1456361533,5,0
1456362142,44,0
1456362152,44,0
1456362770,44,0
1456362975,44,0
1456363159,44,0
1456363795,44,0
1456365542,44,0
1456365798,44,0
1456365903,35,0
1456366620,44,1
1456366824,35,0
1456366824,35,0
1456366935,44,0
1456367154,44,0
1456367344,27,0
1456367354,27,0
1456367398,27,0
1456367416,44,0
1456367844,44,0
1456367930,44,0
1456368014,44,0
1456368077,44,0
1456368325,44,0
1456368454,33,0
1456368936,44,0
1456369080,44,0
1456369355,27,0
1456369557,44,0
1456370117,27,0
1456370357,44,0
1456370376,44,0
1456370615,51,0
1456370646,47,0
1456370721,51,0
1456370758,51,0
1456370791,47,0
1456370792,27,1
1456370800,27,0
1456370874,44,0
1456370922,20,0
1456370967,47,0
1456371001,33,0
1456371001,33,0
1456371031,44,0
1456371147,27,0
1456371182,20,0
1456371242,44,0
1456371280,20,0
1456371302,27,0
1456371396,27,0
1456371587,47,0
1456371595,44,0
1456371694,29,0
1456371714,47,0
1456371722,47,0
1456372043,47,0
1456372043,47,0
1456372634,20,0
1456372873,44,0
1456372873,44,0
1456373283,27,0
1456373299,27,0
1456373822,51,0
1456373822,51,0
1456376138,27,0
1456376474,29,0
1456380193,27,0
1456380433,27,0
1456381401,27,0
1456381401,27,0
1456382173,49,0
1456382173,49,0
1456386871,29,0
1456386871,29,0
1456389457,2,0
1456389461,2,0
1456389512,2,0
1456390364,20,0
1456390364,20,0
1456392468,2,0
1456393102,2,0
1456393118,2,0
1456393584,2,0
1456393584,2,0
