1456915814,50,0
1456915955,29,0
1456915965,29,0
1456915999,29,0
1456916033,29,0
1456917429,29,0
1456917764,29,0
1456918213,29,0
1456918273,31,0
1456918648,31,0
1456918714,31,0
1456918733,31,0
1456918748,31,0
1456919606,31,0
1456919975,31,0
1456933074,17,0
1456933433,31,0
1456933521,31,0
1456933526,31,0
1456933735,31,0
1456934008,31,0
1456934053,31,0
1456937880,31,0
1456939082,29,0
1456939100,29,0
1456939114,29,0
1456939133,29,0
1456944490,44,0
1456948561,31,0
1456948563,31,0
1456950135,38,0
1456950146,38,0
1456950164,38,0
1456950175,38,0
1456950227,44,0
1456950515,44,0
1456950617,17,0
1456953562,29,0
1456955175,17,0
1456955957,9,0
1456956699,26,0
1456956746,26,0
1456958255,17,0
1456959620,9,0
1456959630,9,0
1456959644,9,0
1456959688,1,0
1456961764,44,0
1456967127,41,0
1456969074,31,0
1456969623,31,0
1456970885,17,0
1456970977,50,0
1456972087,34,0
1456972113,34,0
1456972125,34,0
1456974371,17,0
1456992369,34,0
1456992430,34,0
1456992543,34,0
1456992559,34,0
1456996754,38,0
1456996768,38,0
1456996783,38,0
1456996793,38,0
1456996797,38,0
1456996867,38,0
1456996898,38,0
1456996903,38,0
1456996906,38,0
1456996924,38,0
1456996989,38,0
1456997012,38,0
1456997152,35,0
1456997851,35,0
1456998347,35,0
1456998842,35,0
1457013577,41,0
1457013592,41,0
1457013659,41,0
1457017897,31,0
1457021504,44,0
1457022593,17,0
1457027227,17,0
1457029706,44,0
1457030245,44,0
1457035963,17,0
1457036526,7,0
1457040473,34,0
1457040597,34,0
1457040640,34,0
1457045050,2,0
1457045273,31,0
1457045308,2,0
1457045368,31,0
1457045440,2,0
1457045811,2,0
1457045858,2,0
1457045893,2,0
1457045948,2,0
1457045963,2,0
1457046074,2,0
1457046101,2,0
1457046185,2,0
1457046208,2,0
1457046229,2,0
1457046298,2,0
1457046336,2,0
1457046409,2,0
1457046424,2,0
1457046443,2,0
1457046475,2,0
1457046767,2,0
1457046772,2,0
1457046846,2,0
1457047041,2,0
1457047434,34,0
1457047485,44,0
1457047525,44,0
1457047710,34,0
1457047753,34,0
1457047863,34,0
1457048073,44,0
1457048081,44,0
1457048505,9,0
1457048512,9,0
1457048518,9,0
1457048523,9,0
1457048532,44,0
1457048546,9,0
1457048606,9,0
1457048607,9,0
1457048609,9,0
1457048653,9,0
1457048672,9,0
1457048675,9,0
1457048687,9,0
1457048691,9,0
1457048760,9,0
1457048778,9,0
1457048779,9,0
1457049802,44,0
1457053057,44,0
1457053102,44,0
1457054102,34,0
1457056235,33,0
1457056797,17,0
1457057259,31,0
1457057836,34,0
1457057879,34,0
1457059344,31,0
1457061736,7,0
1457061864,31,0
1457062164,31,0
1457062224,31,0
1457066463,41,0
1457066529,41,0
1457066556,41,0
1457066562,41,0
1457067001,41,0
1457067111,41,0
1457067113,41,0
1457067143,41,0
1457067926,7,0
1457072034,34,0
1457072076,34,0
1457077921,7,0
1457078384,7,0
1457078494,7,0
1457078594,7,0
1457079336,9,0
1457079355,9,0
1457079360,9,0
1457079370,9,0
1457079379,9,0
1457079385,9,0
1457079387,9,0
1457079393,9,0
1457079397,9,0
1457079410,9,0
1457079420,9,0
1457079428,9,0
1457079431,9,0
1457079435,9,0
1457079440,9,0
1457079443,9,0
1457079448,9,0
1457079455,9,0
1457079458,9,0
1457079468,9,0
1457079473,9,0
1457079476,9,0
1457079481,9,0
1457079565,9,0
1457080205,44,0
1457080296,44,0
1457080328,34,0
1457080400,34,0
1457080524,34,0
1457080929,34,0
1457081482,34,0
1457081791,44,0
1457082735,9,0
1457082750,9,0
1457082909,9,0
1457084752,10,0
1457086974,29,0
1457091639,44,0
1457095284,33,0
1457097402,17,0
1457100576,17,0
1457100588,17,0
1457102528,34,0
1457102679,34,0
1457102683,34,0
1457102701,34,0
1457102739,34,0
1457102854,34,0
1457103053,34,0
1457103076,34,0
1457103177,34,0
1457103312,34,0
1457104108,34,0
1457104161,34,0
1457104998,17,0
1457108362,17,0
1457110636,17,0
1457110826,17,0
1457116715,17,0
1457120702,10,0
1457120713,10,0
1457120718,10,0
1457122964,17,0
1457122980,17,0
1457123333,17,0
1457123367,17,0
1457123827,38,0
1457125125,17,0
1457125133,17,0
1457128341,44,0
1457128387,44,0
1457128563,44,0
1457129064,44,0
1457129179,44,0
1457129242,44,0
1457130973,17,0
1457130993,17,0
1457131078,17,0
1457132573,9,0
1457134826,9,0
1457134840,9,0
1457134853,9,0
1457134935,9,0
1457134939,9,0
1457134945,9,0
1457137118,17,0
1457137137,17,0
1457137282,17,0
1457139709,17,0
1457140547,44,0
1457141287,17,0
1457141320,17,0
1457144886,35,0
1457146685,31,0
1457146734,31,0
1457148058,41,0
1457148398,44,0
1457149192,34,0
1457149216,34,0
1457149438,34,0
1457151515,31,0
1457152099,7,0
1457152209,7,0
1457152482,7,0
1457154448,44,0
1457155029,29,0
1457157365,44,0
1457161511,35,0
1457161529,35,0
1457163182,35,0
1457163911,35,0
1457163960,35,0
1457164264,35,0
1457166981,44,0
1457174420,9,0
1457174428,9,0
1457174435,9,0
1457174438,9,0
1457174460,9,0
1457176790,44,0
1457176938,44,0
1457176967,44,0
1457181317,17,0
1457181342,17,0
1457182310,17,0
1457184302,17,0
1457189271,17,0
1457193230,17,0
1457195927,17,0
1457197756,17,0
1457198423,17,0
1457200139,17,0
1457200155,34,0
1457200159,17,0
1457200904,34,0
1457201834,34,0
1457202401,17,0
1457202419,17,0
1457202889,17,0
1457203541,41,0
1457203715,41,0
1457203751,41,0
1457203765,41,0
1457203966,41,0
1457205770,41,0
1457208844,44,0
1457215185,44,0
1457215219,44,0
1457215390,44,0
1457218137,44,0
1457220394,31,0
1457220484,31,0
1457221579,17,0
1457228520,17,0
1457228538,17,0
1457228569,17,0
1457231502,7,0
1457231839,7,0
1457231853,7,0
1457231867,7,0
1457232185,7,0
1457232234,7,0
1457232688,7,0
1457232690,7,0
1457232799,41,0
1457232815,41,0
1457233013,41,0
1457233019,41,0
1457233041,41,0
1457233503,7,0
1457233934,41,0
1457234141,41,0
1457234182,41,0
1457234305,41,0
1457234691,41,0
1457235092,41,0
1457235116,41,0
1457235204,41,0
1457235473,17,0
1457235641,41,0
1457235869,41,0
1457235877,41,0
1457236752,41,0
1457239298,50,0
1457239811,31,0
1457250756,29,0
1457250762,29,0
1457250801,29,0
1457250807,29,0
1457250883,29,0
1457251069,29,0
1457251300,29,0
1457251415,29,0
1457251457,29,0
1457251827,29,0
1457251897,29,0
1457251927,29,0
1457252173,29,0
1457252707,29,0
1457252792,29,0
1457252816,29,0
1457254457,44,0
1457254474,44,0
1457260527,44,0
1457260587,44,0
1457260591,44,0
1457260804,44,0
1457263310,44,0
1457264058,44,0
1457264493,44,0
1457267932,29,0
1457270586,17,0
1457270852,17,0
1457271094,17,0
1457271102,17,0
1457273741,17,0
1457274511,17,0
1457274670,9,0
1457277453,17,0
1457278044,17,0
1457281082,29,0
1457281096,29,0
1457281124,29,0
1457284315,28,0
1457285932,41,0
1457285942,41,0
1457286021,41,0
1457286101,41,0
1457287629,17,0
1457287634,17,0
1457289422,17,0
1457289439,17,0
1457290314,17,0
1457291672,44,0
1457295592,2,0
1457295655,2,0
1457295705,2,0
1457295786,2,0
1457295815,2,0
1457295995,5,0
1457296780,17,0
1457297121,2,0
1457297271,2,0
1457297305,2,0
1457297340,31,0
1457298049,2,0
1457298093,2,0
1457298141,2,0
1457299292,2,0
1457299310,2,0
1457299470,2,0
1457299502,2,0
1457299906,2,0
1457299963,2,0
1457299993,2,0
1457303168,17,0
1457303326,34,0
1457304375,34,0
1457305461,7,0
1457305706,7,0
1457307384,10,0
1457307396,10,0
1457310025,10,0
1457311309,2,0
1457311346,2,0
1457311831,2,0
1457311914,2,0
1457311996,41,0
1457315420,17,0
1457315430,17,0
1457317248,17,0
1457321810,7,0
1457322025,7,0
1457323414,7,0
1457323447,7,0
1457325157,29,0
1457325162,29,0
1457325184,29,0
1457325191,29,0
1457325207,29,0
1457325233,29,0
1457325280,29,0
1457325287,29,0
1457325365,29,0
1457326122,29,0
1457326133,29,0
1457326424,31,0
1457326444,29,0
1457326585,29,0
1457326805,29,0
1457329297,44,0
1457329323,44,0
1457334292,7,0
1457336948,44,0
1457336985,44,0
1457337551,44,0
1457345106,15,0
1457345316,15,0
1457350181,44,0
1457350253,44,0
1457352132,29,0
1457352168,29,0
1457352255,29,0
1457352363,29,0
1457352380,29,0
1457352596,29,0
1457352862,29,0
1457352995,29,0
1457353109,29,0
1457377198,31,0
1457378226,34,0
1457378313,34,0
1457378465,34,0
1457378518,34,0
1457378561,34,0
1457378615,34,0
1457378645,34,0
1457381448,17,0
1457381530,17,0
1457381801,34,0
1457382091,34,0
1457382597,34,0
1457382706,34,0
1457382971,17,0
1457384978,15,0
1457385840,17,0
1457387056,34,0
1457387932,29,0
1457387966,29,0
1457388084,29,0
1457388221,29,0
1457388377,29,0
1457388535,29,0
1457388575,29,0
1457392667,15,0
1457395199,31,0
1457397812,7,0
1457397928,7,0
1457398261,17,0
1457399126,41,0
1457403482,33,0
1457403544,33,0
1457404603,28,0
1457405633,31,0
1457405832,31,0
1457410058,31,0
1457410204,29,0
1457410581,31,0
1457410695,29,0
1457410849,31,0
1457410857,31,0
1457410861,31,0
1457410984,31,0
1457411016,29,0
1457411024,31,0
1457411128,29,0
1457411149,31,0
1457411255,29,0
1457411385,50,0
1457411673,29,0
1457411978,7,0
1457418957,7,0
1457419209,7,0
1457419652,7,0
1457419702,35,0
1457425122,35,0
1457425256,35,0
1457427785,24,0
1457427912,24,0
1457427929,24,0
1457427957,24,0
1457427963,24,0
1457428072,24,0
1457428403,24,0
1457428411,24,0
1457428416,24,0
1457428454,24,0
1457428462,24,0
1457428467,24,0
1457428476,24,0
1457428502,24,0
1457443917,33,0
1457445187,29,0
1457455893,17,0
1457455907,17,0
1457455914,17,0
1457455952,17,0
1457456105,31,0
1457461383,41,0
1457461405,41,0
1457462719,31,0
1457463811,34,0
1457463907,31,0
1457466210,2,0
1457466271,2,0
1457466507,2,0
1457466880,2,0
1457466942,2,0
1457466978,2,0
1457467127,2,0
1457467150,2,0
1457467209,2,0
1457467282,2,0
1457467312,2,0
1457467584,2,0
1457469101,17,0
1457469277,17,0
1457469287,17,0
1457471584,17,0
1457472799,17,0
1457472805,17,0
1457472810,17,0
1457472819,17,0
1457473964,15,0
1457473978,15,0
1457474044,15,0
1457474552,15,0
1457476018,31,0
1457476651,2,0
1457476732,2,0
1457476759,2,0
1457476909,2,0
1457476978,2,0
1457477034,2,0
1457477155,2,0
1457477202,2,0
1457477359,2,0
1457477365,2,0
1457477466,2,0
1457479132,2,0
1457479308,2,0
1457479322,2,0
1457479357,2,0
1457479387,2,0
1457479449,2,0
1457479486,2,0
1457479504,2,0
1457479937,2,0
1457479988,2,0
1457480071,2,0
1457480132,2,0
1457480171,2,0
1457483532,17,0
1457492085,1,0
1457492332,34,0
1457492354,34,0
1457493993,41,0
1457494024,41,0
1457494103,41,0
1457494296,41,0
1457494317,41,0
1457494457,41,0
1457494488,41,0
1457494506,41,0
1457494530,41,0
1457494612,41,0
1457503544,44,0
1457503572,44,0
1457503648,44,0
1457504650,44,0
1457512767,33,0
1457514085,9,0
1457514099,9,0
1457514108,9,0
1457514161,9,0
1457514209,9,0
1457514215,9,0
1457514216,9,0
1457514218,9,0
1457514219,9,0
1457514220,9,0
1457514221,9,0
1457514223,9,0
1457514226,9,0
1457514228,9,0
1457514235,9,0
1457514237,9,0
1457514238,9,0
1457514244,9,0
1457514247,9,0
1457514250,9,0
1457514251,9,0
1457514255,9,0
1457514257,9,0
1457514260,9,0
1457514261,9,0
1457514263,9,0
1457514281,9,0
1457514295,9,0
1457514298,9,0
1457514299,9,0
1457514300,9,0
1457514303,9,0
1457514305,9,0
1457514314,9,0
1457514315,9,0
1457514316,9,0
1457514316,9,0
1457514318,9,0
1457514320,9,0
1457514326,9,0
1457514327,9,0
1457514332,9,0
1457514335,9,0
1457514339,9,0
1457514342,9,0
1457514343,9,0
1457514344,9,0
1457514346,9,0
1457514346,9,0
1457514348,9,0
1457514349,9,0
1457514350,9,0
1457514353,9,0
1457514722,44,0
1457515709,44,0
1457519553,33,0
1457520598,34,0
1457520624,29,0
1457520833,29,0
1457521036,29,0
1457521054,29,0
1457521100,29,0
1457521215,44,0
1457521219,44,0
1457521230,44,0
1457521275,44,0
1457521957,29,0
1457522209,29,0
1457522214,29,0
1457522475,29,0
1457522549,29,0
1457522600,29,0
1457522648,29,0
1457522789,29,0
1457522852,29,0
1457523076,29,0
1457523131,29,0
1457527121,29,0
1457527193,29,0
1457541596,10,0
1457542733,17,0
1457542762,17,0
1457542780,17,0
1457542966,17,0
1457542997,17,0
1457548436,5,0
1457553035,41,0
1457553193,41,0
1457554106,17,0
1457554504,17,0
1457555897,34,0
1457557102,17,0
1457557799,44,0
1457559465,34,0
1457559511,34,0
1457560427,33,0
1457560991,33,0
1457566847,34,0
1457570441,44,0
1457570815,17,0
1457573712,17,0
1457573940,17,0
1457574635,31,0
1457574671,44,0
1457575879,33,0
1457578509,17,0
1457583880,31,0
1457584171,44,0
1457586500,44,0
1457586825,44,0
1457590914,7,0
1457591036,7,0
1457593072,29,0
1457593084,7,0
1457593099,29,0
1457593126,29,0
1457593145,29,0
1457593152,29,0
1457593613,29,0
1457593699,29,0
1457593820,29,0
1457593991,29,0
1457594005,29,0
1457596525,44,0
1457600149,7,0
1457625567,31,0
1457625594,31,0
1457626319,31,0
1457633215,17,0
1457633297,17,0
1457633333,17,0
1457633338,17,0
1457640141,44,0
1457641008,34,0
1457641176,34,0
1457641453,34,0
1457641608,17,0
1457641608,34,0
1457641669,44,0
1457641702,34,0
1457642028,34,0
1457642218,34,0
1457646277,34,0
1457646306,41,0
1457646317,41,0
1457646358,34,0
1457647071,34,0
1457647481,41,0
1457647683,41,0
1457647694,41,0
1457647743,41,0
1457647794,41,0
1457647847,41,0
1457649978,35,0
1457650297,35,0
1457650620,35,0
1457650772,35,0
1457650789,35,0
1457651136,35,0
1457651309,2,0
1457651408,2,0
1457651555,2,0
1457651586,2,0
1457651820,2,0
1457651862,2,0
1457651983,2,0
1457652038,2,0
1457652128,2,0
1457652144,2,0
1457652269,2,0
1457662036,34,0
1457662332,28,0
1457663416,28,0
1457663688,17,0
1457668520,35,0
1457671485,29,0
1457671512,29,0
1457671525,29,0
1457671883,29,0
1457672770,29,0
1457672781,29,0
1457672805,29,0
1457672997,29,0
1457673012,29,0
1457673125,29,0
1457673187,29,0
1457673275,29,0
1457673521,29,0
1457673664,29,0
1457673810,29,0
1457674144,29,0
1457674270,29,0
1457674606,29,0
1457674629,29,0
1457674659,29,0
1457674741,29,0
1457674763,29,0
1457674833,29,0
1457676329,8,0
1457685099,2,0
1457685105,2,0
1457685231,2,0
1457685344,2,0
1457685507,2,0
1457685572,2,0
1457685590,2,0
1457685637,2,0
1457685659,2,0
1457685673,2,0
1457685706,2,0
1457685803,2,0
1457685814,2,0
1457685833,2,0
1457685965,15,0
1457689097,33,0
1457689155,33,0
1457689225,33,0
1457689229,33,0
1457689233,33,0
1457689318,33,0
1457689332,33,0
1457689341,33,0
1457689344,33,0
1457689710,33,0
1457689864,33,0
1457690330,33,0
1457690335,33,0
1457690342,33,0
1457690374,33,0
1457690397,33,0
1457690428,33,0
1457690446,33,0
1457690680,50,0
1457699085,34,0
1457699095,34,0
1457700318,33,0
1457700341,33,0
1457703777,34,0
1457715810,17,0
1457715822,17,0
1457717642,31,0
1457718853,17,0
1457721026,7,0
1457723763,7,0
1457723929,31,0
1457727651,17,0
1457727806,44,0
1457732330,44,0
1457732362,44,0
1457732383,44,0
1457732603,44,0
1457732656,44,0
1457734264,44,0
1457735309,1,0
1457735399,1,0
1457735506,10,0
1457735583,10,0
1457735585,1,0
1457735843,1,0
1457736044,1,0
1457736492,1,0
1457736531,31,0
1457736617,35,0
1457738492,34,0
1457738531,34,0
1457738848,34,0
1457740126,17,0
1457740637,28,0
1457740655,28,0
1457740785,17,0
1457740865,17,0
1457742803,2,0
1457742898,2,0
1457742980,33,0
1457743005,2,0
1457743007,33,0
1457743079,2,0
1457743131,2,0
1457743146,2,0
1457744221,28,0
1457748286,10,1
1457752735,44,0
1457754111,29,0
1457754620,44,0
1457755684,7,0
1457764130,7,0
1457765475,7,0
1457766068,31,0
1457767759,31,0
1457768042,31,0
1457772019,31,0
1457772083,31,0
1457773317,50,0
1457773370,50,0
1457773555,50,0
1457775478,29,0
1457775486,29,0
1457775514,29,0
1457775771,29,0
1457775890,29,0
1457776352,29,0
1457776370,50,0
1457776720,17,0
1457776738,17,0
1457777078,29,0
1457777117,29,0
1457777125,29,0
1457777150,29,0
1457777753,50,0
1457777851,50,0
1457785218,2,0
1457785270,2,0
1457785734,2,0
1457785763,2,0
1457785814,2,0
1457786149,2,0
1457788799,17,0
1457789625,17,0
1457794065,17,0
1457797136,17,0
1457798143,17,0
1457810905,31,0
1457817503,35,0
1457819062,35,0
1457822036,31,0
1457822046,31,0
1457822243,17,0
1457822301,17,0
1457822330,31,0
1457823051,31,0
1457825536,17,0
1457830720,10,0
1457831693,41,0
1457831792,41,0
1457832859,17,0
1457834248,17,0
1457834758,5,0
1457835222,28,0
1457835920,35,0
1457840169,28,0
1457840574,28,0
1457841282,44,0
1457843399,44,0
1457843872,44,0
1457843920,44,0
1457847062,7,0
1457848432,35,0
1457848468,35,0
1457848827,35,0
1457849577,7,0
1457852766,5,0
1457852914,5,0
1457854540,5,0
1457854664,5,0
1457855547,34,0
1457856431,7,0
1457859023,7,0
1457859226,7,0
1457859361,7,0
1457859644,7,0
1457861167,35,0
1457863588,34,0
1457865364,8,0
1457865452,44,0
1457867963,34,0
1457871736,9,0
1457871745,9,0
1457871759,9,0
1457871764,9,0
1457871775,9,0
1457871844,9,0
1457873911,44,0
1457874169,34,0
1457874248,34,0
1457874872,44,0
1457876471,31,0
1457876498,31,0
1457876751,17,0
1457880511,34,0
1457880554,34,0
1457880717,28,0
1457880728,34,0
1457880736,28,0
1457883294,17,0
1457883774,17,0
1457884776,17,0
1457884792,17,0
1457884833,17,0
1457885083,17,0
1457885088,17,0
1457885091,17,0
1457889443,17,0
1457889475,17,0
1457894961,17,0
1457894973,17,0
1457895986,17,0
1457896203,34,0
1457896213,34,0
1457897383,17,0
1457898596,40,0
1457898610,40,0
1457898615,40,0
1457898624,40,0
1457898627,40,0
1457898636,40,0
1457898776,40,0
1457898781,40,0
1457898787,40,0
1457898790,40,0
1457898794,40,0
1457898814,40,0
1457898822,40,0
1457898826,40,0
1457898830,40,0
1457898834,40,0
1457898839,40,0
1457898848,40,0
1457898852,40,0
1457898856,40,0
1457898873,40,0
1457898876,40,0
1457898880,40,0
1457898893,40,0
1457898897,40,0
1457898910,40,0
1457898914,40,0
1457898921,40,0
1457898925,40,0
1457898930,40,0
1457898934,40,0
1457899011,40,0
1457899014,40,0
1457899019,40,0
1457899033,40,0
1457899039,40,0
1457899052,40,0
1457899056,40,0
1457899060,40,0
1457899064,40,0
1457899090,40,0
1457899095,40,0
1457899102,40,0
1457899117,40,0
1457899121,40,0
1457899126,40,0
1457899130,40,0
1457899134,40,0
1457899141,40,0
1457899145,40,0
1457899198,40,0
1457899202,40,0
1457899206,40,0
1457899211,40,0
1457899216,40,0
1457899227,40,0
1457899236,40,0
1457899239,40,0
1457899243,40,0
1457899261,40,0
1457899265,40,0
1457899276,40,0
1457899364,40,0
1457899370,40,0
1457899374,40,0
1457899389,40,0
1457899394,40,0
1457899402,40,0
1457899408,40,0
1457899412,40,0
1457899416,40,0
1457899433,40,0
1457899438,40,0
1457899452,40,0
1457899456,40,0
1457899460,40,0
1457899477,40,0
1457899481,40,0
1457899484,40,0
1457899550,40,0
1457899554,40,0
1457899558,40,0
1457899562,40,0
1457899566,40,0
1457899571,40,0
1457899590,40,0
1457899595,40,0
1457899600,40,0
1457899603,40,0
1457899609,40,0
1457899614,40,0
1457899618,40,0
1457899622,40,0
1457899627,40,0
1457899654,40,0
1457899658,40,0
1457899664,40,0
1457899703,40,0
1457899711,40,0
1457899715,40,0
1457899730,40,0
1457899735,40,0
1457899752,40,0
1457899756,40,0
1457899761,40,0
1457899765,40,0
1457899789,40,0
1457899793,40,0
1457899796,40,0
1457899801,40,0
1457899842,40,0
1457899849,40,0
1457899870,40,0
1457899873,40,0
1457899878,40,0
1457899886,40,0
1457900393,40,0
1457900442,40,0
1457900479,40,0
1457900528,40,0
1457900555,40,0
1457900842,40,0
1457901699,17,0
1457902423,35,0
1457902772,35,0
1457902864,35,0
1457905568,50,0
1457906331,33,0
1457906339,33,0
1457906352,33,0
1457908693,31,0
1457908732,31,0
1457908787,31,0
1457908860,31,0
1457912443,2,0
1457912659,17,0
1457913060,2,0
1457913303,2,0
1457913362,2,0
1457913489,2,0
1457918385,41,0
1457918431,41,0
1457918476,41,0
1457918695,41,0
1457918706,41,0
1457918733,40,0
1457918760,40,0
1457918787,40,0
1457918814,40,0
1457918840,40,0
1457919047,41,0
1457919322,40,0
1457919834,41,0
1457919926,41,0
1457920001,41,0
1457920643,5,0
1457923184,41,0
1457923322,41,0
1457923514,44,0
1457923790,41,0
1457924545,29,0
1457924566,29,0
1457924587,29,0
1457924593,29,0
1457924933,29,0
1457925079,34,0
1457925091,34,0
1457925129,29,0
1457925135,29,0
1457925152,29,0
1457925167,29,0
1457925187,29,0
1457925270,29,0
1457925534,29,0
1457925690,29,0
1457925716,29,0
1457925833,29,0
1457925848,29,0
1457925998,29,0
1457926123,29,0
1457926206,29,0
1457926214,29,0
1457926277,35,0
1457926317,29,0
1457926415,29,0
1457926473,29,0
1457926494,29,0
1457926502,29,0
1457927105,34,0
1457927718,34,0
1457927990,34,0
1457927995,40,0
1457928023,40,0
1457928048,40,0
1457928076,40,0
1457928321,31,0
1457928471,31,0
1457928489,31,0
1457928496,31,0
1457928541,31,0
1457929031,34,0
1457929102,40,0
1457929130,40,0
1457929158,34,0
1457929542,31,0
1457930220,41,0
1457930904,44,0
1457932486,35,0
1457932514,35,0
1457932666,35,0
1457932815,35,0
1457935382,5,0
1457937311,34,0
1457939320,34,0
1457939390,34,0
1457939634,44,0
1457939883,40,0
1457942397,35,0
1457942424,35,0
1457947140,7,0
1457954945,34,0
1457955030,34,0
1457955439,34,0
1457955478,34,0
1457955527,34,0
1457955573,34,0
1457955726,34,0
1457959723,34,0
1457965495,40,0
1457965521,40,0
1457965549,40,0
1457965576,40,0
1457965882,40,0
1457966784,40,0
1457970114,17,0
1457970134,17,0
1457970139,17,0
1457980969,31,0
1457981407,17,0
1457982958,31,0
1457983328,31,0
1457984778,31,0
1457985149,31,0
1457986618,44,0
1457987524,17,0
1457987688,17,0
1457988205,17,0
1457988210,17,1
1457988216,17,0
1457988224,17,1
1457989283,9,0
1457989306,9,0
1457989308,9,0
1457989310,9,0
1457989326,9,0
1457989334,9,0
1457989338,9,0
1457989341,9,0
1457989342,9,0
1457989346,9,0
1457989350,9,0
1457989358,9,0
1457989361,9,0
1457989364,9,0
1457989367,9,0
1457989382,9,0
1457989573,17,0
1457989579,34,0
1457989612,9,0
1457990433,17,0
1457992593,17,0
1457994661,33,0
1457995201,15,0
1457995730,31,0
1457995778,31,0
1457995836,31,0
1457995919,31,0
1457995967,31,0
1457997490,7,0
1457999227,41,0
1457999429,41,0
1457999487,41,0
1457999660,41,0
1457999679,41,0
1458001781,41,0
1458001834,41,0
1458001864,41,0
1458001874,41,0
1458002594,17,0
1458004288,40,0
1458004315,40,0
1458004369,40,0
1458004395,40,0
1458007545,31,0
1458007769,40,0
1458007793,40,0
1458007819,40,0
1458007847,40,0
1458011676,40,0
1458011701,40,0
1458011727,40,0
1458012767,33,0
1458012776,33,0
1458012987,29,0
1458013008,29,0
1458013015,29,0
1458013041,29,0
1458018605,5,0
1458019987,40,0
1458020019,40,0
1458020046,40,0
1458020077,40,0
1458020104,40,0
1458022962,15,0
1458023691,44,0
1458023737,7,0
1458023811,44,0
1458024735,35,0
1458024840,15,0
1458025254,44,0
1458025536,44,0
1458025639,44,0
1458026054,15,0
1458027237,29,0
1458027243,29,0
1458027248,29,0
1458027253,29,0
1458027262,29,0
1458027284,29,0
1458027311,29,0
1458027467,29,0
1458027619,29,0
1458027642,40,0
1458027689,40,0
1458027715,40,0
1458027765,29,0
1458027942,35,0
1458027942,35,0
1458028466,40,0
1458029083,29,0
1458029102,29,0
1458029146,35,0
1458029185,29,0
1458029231,29,0
1458029272,29,0
1458029705,29,0
1458029730,29,0
1458030375,29,0
1458030429,29,0
1458030638,29,0
1458031098,29,0
1458031125,29,0
1458031157,29,0
1458031165,29,0
1458031217,29,0
1458031253,29,0
1458031275,29,0
1458031646,29,0
1458031702,29,0
1458032172,33,0
1458032972,7,0
1458034313,44,0
1458034752,44,0
1458038501,7,0
1458040206,17,0
1458047617,31,0
1458048160,31,0
1458048495,31,0
1458050926,31,0
1458055812,17,0
1458064578,40,0
1458064605,40,0
1458064633,40,0
1458064743,40,0
1458064772,40,0
1458069004,26,0
1458069032,26,0
1458069057,26,0
1458069138,26,0
1458069148,26,0
1458069763,26,0
1458069838,17,0
1458069863,17,0
1458069897,17,0
1458069908,17,0
1458069916,17,0
1458069919,26,0
1458069920,17,0
1458069944,26,0
1458069997,44,0
1458071550,7,0
1458071701,7,0
1458071873,7,0
1458072018,7,0
1458072154,7,0
1458072165,7,0
1458073528,29,0
1458073687,29,0
1458075667,2,0
1458075852,2,0
1458075856,2,0
1458076000,2,0
1458076066,2,0
1458077092,35,0
1458077357,24,0
1458077426,24,0
1458077432,24,0
1458077438,24,0
1458077443,24,0
1458077464,8,0
1458077495,24,0
1458077515,24,0
1458077520,24,0
1458077524,24,0
1458077530,24,0
1458077541,24,0
1458077559,24,0
1458077564,24,0
1458077572,24,0
1458077667,24,0
1458077679,24,0
1458077680,24,0
1458077695,24,0
1458077699,24,0
1458077732,24,0
1458077780,24,0
1458077839,24,0
1458077848,24,0
1458077859,24,0
1458077904,24,0
1458077910,24,0
1458077920,24,0
1458077930,24,0
1458077940,24,0
1458078032,24,0
1458078038,24,0
1458078053,24,0
1458078210,24,0
1458078226,24,0
1458078293,24,0
1458078317,24,0
1458078328,24,0
1458078335,24,0
1458078357,24,0
1458078408,24,0
1458078428,24,0
1458079107,24,0
1458079301,17,0
1458079358,24,0
1458079377,24,0
1458079402,24,0
1458079405,24,0
1458079412,24,0
1458079416,24,0
1458079436,24,0
1458079457,24,0
1458079551,24,0
1458079557,24,0
1458079563,24,0
1458079572,24,0
1458079633,24,0
1458079639,24,0
1458079717,24,0
1458079727,24,0
1458079741,24,0
1458079788,24,0
1458079851,24,0
1458079929,24,0
1458079940,24,0
1458079949,24,0
1458080024,24,0
1458080032,24,0
1458080037,24,0
1458080099,24,0
1458080109,24,0
1458080141,24,0
1458080193,24,0
1458080203,17,0
1458080323,24,0
1458080342,24,0
1458080346,24,0
1458080348,24,0
1458080360,24,0
1458080365,24,0
1458080402,24,0
1458080430,24,0
1458080469,24,0
1458080506,24,0
1458080512,24,0
1458080518,24,0
1458080541,24,0
1458080557,24,0
1458080585,24,0
1458080591,24,0
1458080598,24,0
1458080610,24,0
1458080697,40,0
1458080715,24,0
1458080771,24,0
1458080781,24,0
1458080788,24,0
1458080794,24,0
1458080809,24,0
1458080814,24,0
1458080829,40,0
1458080858,24,0
1458080864,24,0
1458080874,24,0
1458080982,24,0
1458080989,24,0
1458080995,24,0
1458080998,24,0
1458081004,24,0
1458081153,24,0
1458081161,24,0
1458081169,24,0
1458081177,24,0
1458081196,24,0
1458081200,24,0
1458081242,24,0
1458081356,24,0
1458081378,24,0
1458081392,24,0
1458082080,24,0
1458082137,24,0
1458082143,24,0
1458082269,24,0
1458082282,24,0
1458085713,44,0
1458086047,44,0
1458086310,44,0
1458086750,17,0
1458089612,17,0
1458089652,17,0
1458090098,17,0
1458093116,17,0
1458093244,35,0
1458097267,40,0
1458097376,40,0
1458097490,40,0
1458111711,44,0
1458112525,44,0
1458114631,44,0
1458114863,40,0
1458114953,40,0
1458115249,33,0
1458115277,33,0
1458115298,33,0
1458116845,29,0
1458117259,29,0
1458117294,29,0
1458117338,29,0
1458117374,29,0
1458117440,29,0
1458117447,29,0
1458117471,29,0
1458117858,29,0
1458117939,29,0
1458117964,29,0
1458118094,29,0
1458118222,29,0
1458118460,29,0
1458119340,29,0
1458120125,50,0
1458120338,33,0
1458121035,29,0
1458121095,29,0
1458121344,29,0
1458121371,29,0
1458121465,29,0
1458121527,29,0
1458121606,29,0
1458121667,29,0
1458122466,29,0
1458123323,7,0
1458124004,29,0
1458124026,29,0
1458124066,29,0
1458124066,29,0
1458124091,29,0
1458124091,29,0
1458124091,29,0
1458124092,29,0
1458124105,9,0
1458124105,29,0
1458124111,9,0
1458124124,9,0
1458124203,9,0
1458124205,9,0
1458124213,9,0
1458124255,9,0
1458124262,9,0
1458129814,40,0
1458129844,40,0
1458129869,40,0
1458129896,40,0
1458142998,29,0
1458143021,29,0
1458143029,29,0
1458143037,29,0
1458143047,29,0
1458144772,17,0
1458148115,31,0
1458148115,31,0
1458148439,17,1
1458150864,29,0
1458150869,29,0
1458150879,29,0
1458150884,29,0
1458150929,29,0
1458151249,29,0
1458151800,31,0
1458151949,31,0
1458153635,31,0
1458153800,31,0
1458153837,31,0
1458154378,31,0
1458154439,17,0
1458155180,31,0
1458155265,31,0
1458155275,31,0
1458155285,31,0
1458155570,31,0
1458155581,40,0
1458155608,40,0
1458155648,31,0
1458155661,40,0
1458155688,31,0
1458155924,31,0
1458157287,7,0
1458157389,31,0
1458157406,31,0
1458158774,7,0
1458158919,44,0
1458159324,44,0
1458159499,44,0
1458160231,1,0
1458160265,1,0
1458160922,35,0
1458160949,35,0
1458160972,35,0
1458161123,15,0
1458161178,15,0
1458161216,15,0
1458161245,35,0
1458163316,44,0
1458166014,44,0
1458166045,44,0
1458166069,44,0
1458166309,44,0
1458166353,44,0
1458167195,17,0
1458167228,40,0
1458167255,40,0
1458167278,17,0
1458167281,40,0
1458167308,40,0
1458167361,40,0
1458167545,40,0
1458171291,34,0
1458173138,31,0
1458173690,31,0
1458173775,31,0
1458173821,17,0
1458173828,17,0
1458173951,31,0
1458174123,17,0
1458178477,2,0
1458178987,15,0
1458184236,34,0
1458184252,34,0
1458184666,40,0
1458184692,40,0
1458184719,40,0
1458184746,40,0
1458184883,40,0
1458185673,29,0
1458185687,29,0
1458185691,29,0
1458185753,29,0
1458185827,29,0
1458185851,29,0
1458185887,29,0
1458186292,29,0
1458186841,7,0
1458195930,44,0
1458196211,44,0
1458196270,44,0
1458196631,44,0
1458197269,33,0
1458197276,33,0
1458197346,33,0
1458197359,33,0
1458197374,33,0
1458197390,33,0
1458197393,33,0
1458197399,33,0
1458197403,33,0
1458197412,33,0
1458197425,33,0
1458197857,40,0
1458197962,40,0
1458197989,40,0
1458198015,40,0
1458198131,40,0
1458201420,44,0
1458201426,44,0
1458203208,7,0
1458203487,7,0
1458203513,40,0
1458203565,40,0
1458203573,7,0
1458203650,7,0
1458205012,40,0
1458205457,29,0
1458205807,29,0
1458205886,29,0
1458207045,40,0
1458207073,40,0
1458207916,29,0
1458207953,29,0
1458207958,29,0
1458207964,29,0
1458207974,29,0
1458207980,29,0
1458207991,29,0
1458208025,29,0
1458208098,29,0
1458208118,29,0
1458208132,29,0
1458208649,29,0
1458208724,29,0
1458208785,29,0
1458209008,29,0
1458209103,29,0
1458209237,29,0
1458209266,29,0
1458209403,29,0
1458209613,29,0
1458209724,7,0
1458209857,29,0
1458210308,34,0
1458210354,34,0
1458210396,34,0
1458210406,40,0
1458210463,40,0
1458210924,40,0
1458212061,40,0
1458213388,40,0
1458214051,44,0
1458215021,40,0
1458215303,40,0
1458215340,17,0
1458216927,40,0
1458219407,17,0
1458220220,40,0
1458220273,40,0
1458220301,40,0
1458220765,40,0
1458222202,17,0
1458222211,17,0
1458223900,40,0
1458225410,40,0
1458225984,40,0
1458227122,40,0
1458229017,40,0
1458230642,40,1
1458230716,31,0
1458232057,40,0
1458232590,40,0
1458233548,40,0
1458237607,26,0
1458237659,17,0
1458237676,17,0
1458239639,40,0
1458239694,40,0
1458239752,40,0
1458240343,40,0
1458240371,40,0
1458240400,40,0
1458243226,41,0
1458244592,17,0
1458245434,7,0
1458246215,9,0
1458246222,9,0
1458246224,9,0
1458246230,9,0
1458246241,9,0
1458247938,9,0
1458248023,9,0
1458248031,9,0
1458249973,40,0
1458250006,40,0
1458250037,40,0
1458250070,40,0
1458250098,40,0
1458250765,40,0
1458251274,17,0
1458251493,5,0
1458251619,17,0
1458257063,7,0
1458257125,17,0
1458259354,40,0
1458259383,40,0
1458259410,40,0
1458259529,40,0
1458260694,17,0
1458261304,40,0
1458261438,44,0
1458261995,17,0
1458262004,17,0
1458262011,17,1
1458262019,17,0
1458262023,17,0
1458262049,17,0
1458262055,17,0
1458262152,33,0
1458262178,33,0
1458262192,33,0
1458262646,40,0
1458265392,40,0
1458265417,40,0
1458265810,44,0
1458266123,40,0
1458267116,40,1
1458268601,40,0
1458269365,40,0
1458269553,1,0
1458270418,24,0
1458270443,40,0
1458270454,24,0
1458270461,24,0
1458270476,24,0
1458270491,24,0
1458270497,24,0
1458270508,24,0
1458270521,24,0
1458270544,24,0
1458270552,24,0
1458270673,24,0
1458270680,24,0
1458270780,24,0
1458270789,24,0
1458270796,24,0
1458270819,24,0
1458270944,24,0
1458270955,24,0
1458270960,24,0
1458270970,24,0
1458271100,24,0
1458271108,24,0
1458271131,24,0
1458271138,24,0
1458271153,24,0
1458271372,24,0
1458271377,5,0
1458271391,24,0
1458271967,40,0
1458272425,40,0
1458272780,7,0
1458273589,40,1
1458277104,15,0
1458277193,15,0
1458278456,40,0
1458278527,40,0
1458278600,40,0
1458282410,40,0
1458282440,40,0
1458282477,40,0
1458292095,40,0
1458295926,40,0
1458295990,40,0
1458296023,40,0
1458296187,40,0
1458296867,29,0
1458296969,29,0
1458297113,29,0
1458297157,29,0
1458297213,40,0
1458297323,29,0
1458297599,29,0
1458297886,29,0
1458298029,29,0
1458298049,29,0
1458298300,29,0
1458298418,40,0
1458298593,29,0
1458298612,29,0
1458298618,29,0
1458299714,33,0
1458299718,33,0
1458301191,50,0
1458301642,29,0
1458301679,29,0
1458301705,29,0
1458301733,29,0
1458301755,29,0
1458301972,40,0
1458302005,40,0
1458302032,40,0
1458303664,40,0
1458303745,40,0
1458303827,17,0
1458305243,40,0
1458306916,40,0
1458307280,31,0
1458308027,40,0
1458310086,40,0
1458310347,40,0
1458311279,2,0
1458311349,2,0
1458311369,2,0
1458311434,2,0
1458311438,40,0
1458311596,2,0
1458311623,2,0
1458312604,2,0
1458313657,2,0
1458313909,2,0
1458314293,31,0
1458314667,2,0
1458315042,44,0
1458315124,40,0
1458315158,44,0
1458315513,40,0
1458316328,31,0
1458316889,17,0
1458317383,17,0
1458317412,17,0
1458318252,35,0
1458318364,40,0
1458318807,40,0
1458320115,40,0
1458320710,44,0
1458321496,44,0
1458321524,44,0
1458322008,40,0
1458323873,40,0
1458324265,40,0
1458326656,40,0
1458326688,40,0
1458328147,40,0
1458329486,40,0
1458330470,41,0
1458330527,41,0
1458330539,41,0
1458331001,41,0
1458331274,41,0
1458331403,40,0
1458331628,41,0
1458331684,41,0
1458331712,41,0
1458332699,44,0
1458332815,44,0
1458332911,44,0
1458333082,40,0
1458333117,40,0
1458334656,40,0
1458334768,26,0
1458336673,17,0
1458336686,17,0
1458336744,17,0
1458336844,44,0
1458336853,44,0
1458337222,44,0
1458338743,40,0
1458338805,40,0
1458338836,40,0
1458339363,2,0
1458340679,41,0
1458341390,28,0
1458341536,28,0
1458341607,28,0
1458341617,28,0
1458341680,28,0
1458342026,40,0
1458342060,40,0
1458342402,31,0
1458342413,31,0
1458343520,40,0
1458343549,40,0
1458343645,40,0
1458343700,2,0
1458343825,7,0
1458344785,31,0
1458344812,31,0
1458344819,7,0
1458344989,7,0
1458345023,31,0
1458345090,7,0
1458345198,31,0
1458345257,31,0
1458346914,40,0
1458346944,40,0
1458347690,31,0
1458347840,17,0
1458347938,31,0
1458348013,7,0
1458348090,40,0
1458348485,31,0
1458349569,40,0
1458350199,40,0
1458350212,17,0
1458350897,33,0
1458350951,33,0
1458351360,40,0
1458353365,40,0
1458354445,44,0
1458354567,44,0
1458354631,40,0
1458354878,44,0
1458355354,44,0
1458356098,40,0
1458356725,40,0
1458358463,29,0
1458358934,29,0
1458359099,29,0
1458359246,29,0
1458359260,29,0
1458359274,29,0
1458359933,29,0
1458359976,29,0
1458360031,29,0
1458360201,29,0
1458360248,40,0
1458360281,40,0
1458360284,29,0
1458360309,29,0
1458360314,40,0
1458360332,29,0
1458360362,29,0
1458360549,29,0
1458361805,40,0
1458362163,40,0
1458362639,29,0
1458362665,29,0
1458362696,29,0
1458362735,29,0
1458362741,29,0
1458362816,29,0
1458363556,40,0
1458364227,40,0
1458364249,29,0
1458364936,29,0
1458364944,29,0
1458364966,29,0
1458364982,29,0
1458365133,29,0
1458365201,29,0
1458365271,29,0
1458365285,29,0
1458367034,40,0
1458367063,40,0
1458367640,40,0
1458367910,29,0
1458367964,29,0
1458368810,40,0
1458370710,40,0
1458374124,40,0
1458375414,40,0
1458377245,40,0
1458379500,40,0
1458379527,40,0
1458380728,40,0
1458382370,40,0
1458382766,40,0
1458383736,33,0
1458384388,40,0
1458385749,40,0
1458385947,40,0
1458386097,41,0
1458386208,41,0
1458386256,41,0
1458386296,41,0
1458386312,41,0
1458386338,41,0
1458386387,41,0
1458386412,41,0
1458386469,41,0
1458386521,41,0
1458386535,50,0
1458386541,41,0
1458386612,41,0
1458386690,41,0
1458386723,41,0
1458386825,41,0
1458386870,41,0
1458386937,41,0
1458387019,41,0
1458387026,40,0
1458387184,41,0
1458387243,41,0
1458387472,41,0
1458388702,40,0
1458389753,17,0
1458389814,17,0
1458391894,40,0
1458392247,40,0
1458393533,40,0
1458394170,29,0
1458394239,29,0
1458394289,29,0
1458394311,29,0
1458394346,40,0
1458396405,40,0
1458396685,40,0
1458398096,40,0
1458400149,40,0
1458401189,40,0
1458401225,40,0
1458401445,41,0
1458402539,10,1
1458402913,40,0
1458403284,40,0
1458405557,44,0
1458408117,17,0
1458409214,17,0
1458412390,17,0
1458412498,29,0
1458412579,41,0
1458412619,41,0
1458412633,41,0
1458412710,41,0
1458412805,41,0
1458412819,41,0
1458415259,31,0
1458416633,17,0
1458417577,7,0
1458417761,7,0
1458417853,40,0
1458417879,40,0
1458417945,40,0
1458421256,40,0
1458421481,40,0
1458421510,40,0
1458421640,44,0
1458421993,34,0
1458422718,40,0
1458422995,44,0
1458423000,44,0
1458424241,34,0
1458424302,40,0
1458424591,40,0
1458425327,34,0
1458425357,34,0
1458425932,40,0
1458427289,40,0
1458427891,40,0
1458431921,7,0
1458432748,17,0
1458432757,17,0
1458432763,17,0
1458432773,17,0
1458433494,44,0
1458433654,44,0
1458434725,44,0
1458436910,40,0
1458436941,40,0
1458437000,40,0
1458437034,40,0
1458437810,40,0
1458438744,40,0
1458441232,7,0
1458441440,7,0
1458441685,40,0
1458441713,40,1
1458441985,40,0
1458443011,7,0
1458443250,40,0
1458444507,29,0
1458444699,29,0
1458444704,40,0
1458444838,29,0
1458444883,29,0
1458445005,29,0
1458445024,29,0
1458445099,29,0
1458445158,29,0
1458445165,40,0
1458445178,29,0
1458445213,29,0
1458445221,29,0
1458445233,17,0
1458445258,29,0
1458445271,29,0
1458445320,29,0
1458445580,29,0
1458445598,29,0
1458446618,41,0
1458446896,40,0
1458448327,29,0
1458448333,29,0
1458448380,29,0
1458448562,29,0
1458449207,29,0
1458449371,29,0
1458449472,29,0
1458449535,29,0
1458450365,40,0
1458450391,40,0
1458450736,40,0
1458451646,40,0
1458457203,34,0
1458460236,40,0
1458460266,40,0
1458460300,40,0
1458460328,40,0
1458460712,44,0
1458461305,40,0
1458462628,40,0
1458463474,40,0
1458464850,40,0
1458465683,40,0
1458465884,44,0
1458466074,44,0
1458466838,40,0
1458467849,40,0
1458468363,8,0
1458468870,40,0
1458469946,40,0
1458471264,17,0
1458471668,8,0
1458472229,40,0
1458473613,40,0
1458473671,8,0
1458473841,8,0
1458474330,40,0
1458474833,7,0
1458477629,40,0
1458477694,2,0
1458477710,2,0
1458477719,2,0
1458477817,2,0
1458478042,2,0
1458478124,2,0
1458478129,2,0
1458478184,8,0
1458478640,2,0
1458478662,2,0
1458478700,2,0
1458478729,2,0
1458478756,17,0
1458478781,17,0
1458478827,40,0
1458478971,2,0
1458479239,2,0
1458479270,2,0
1458479283,2,0
1458479364,2,0
1458479479,2,0
1458479497,2,0
1458479785,2,0
1458479788,40,0
1458479789,2,0
1458479833,2,0
1458479911,2,0
1458479930,2,0
1458480064,2,0
1458480261,2,0
1458480327,2,0
1458480813,2,0
1458480832,2,0
1458481046,2,0
1458481078,40,0
1458481347,28,0
1458481858,40,0
1458481902,2,0
1458482998,40,0
1458483750,2,0
1458483797,2,0
1458483874,31,0
1458483887,31,0
1458483891,31,0
1458483947,31,0
1458483960,31,0
1458484096,2,0
1458484108,40,0
1458484121,31,0
1458484187,2,0
1458484197,2,0
1458485254,40,0
1458486262,31,0
1458486265,40,0
1458486521,31,0
1458486628,31,0
1458486945,31,0
1458486983,31,0
1458487225,40,0
1458487842,31,0
1458488674,40,1
1458489628,40,0
1458490765,40,0
1458491846,40,0
1458492864,40,0
1458493658,17,0
1458493826,40,0
1458493876,17,0
1458493909,17,0
1458493923,17,0
1458493977,35,0
1458494045,35,0
1458495552,35,0
1458495640,35,0
1458495781,35,0
1458496098,35,0
1458497809,40,0
1458497846,40,0
1458497970,40,0
1458498152,40,0
1458498437,31,0
1458499545,40,0
1458501471,40,0
1458501499,40,0
1458502544,9,0
1458502550,9,0
1458502558,9,0
1458502560,9,0
1458502563,9,0
1458502576,9,0
1458502580,9,0
1458502586,9,0
1458502594,9,0
1458502599,9,0
1458502614,9,0
1458502633,9,0
1458502637,9,0
1458502651,9,0
1458502660,9,0
1458502674,9,0
1458502804,9,0
1458502812,9,0
1458502821,9,0
1458502825,9,0
1458502847,9,0
1458502849,9,0
1458502853,9,0
1458502866,17,0
1458502875,9,0
1458502876,17,0
1458502879,9,0
1458502958,9,0
1458502983,40,0
1458503053,9,0
1458503054,9,0
1458503099,9,0
1458503101,9,0
1458503173,9,0
1458503182,9,0
1458503186,9,0
1458503193,9,0
1458503221,9,0
1458504683,40,0
1458504889,31,0
1458505941,40,0
1458507816,40,0
1458507847,40,0
1458507994,9,0
1458508749,28,0
1458508784,28,0
1458508968,44,0
1458508988,44,0
1458509925,40,0
1458509962,40,0
1458510533,50,0
1458511563,40,0
1458512016,7,0
1458512309,44,0
1458512542,40,0
1458513030,44,0
1458513397,40,0
1458515009,7,0
1458516252,40,0
1458516280,40,0
1458516623,40,0
1458517551,33,0
1458517666,33,0
1458517976,40,0
1458518611,40,0
1458519438,7,0
1458519765,1,0
1458520179,40,0
1458520512,33,0
1458522895,40,0
1458523602,10,1
1458524006,35,0
1458524008,35,0
1458524015,35,0
1458524767,29,0
1458524789,29,0
1458524796,17,0
1458524798,29,0
1458524842,29,0
1458524869,29,0
1458526550,40,0
1458526587,40,0
1458526659,40,0
1458528146,31,0
1458528276,40,0
1458528333,17,0
1458529203,31,0
1458529597,17,0
1458529603,17,0
1458529608,17,0
1458529646,17,1
1458529647,40,0
1458529651,17,1
1458531348,40,0
1458531745,40,0
1458532032,35,0
1458532706,29,0
1458532953,40,0
1458533021,31,0
1458533050,31,0
1458534171,31,0
1458535964,40,0
1458535998,8,0
1458536126,40,0
1458537570,40,0
1458539375,8,0
1458539530,40,0
1458545762,40,0
1458545791,40,0
1458545821,40,0
1458552157,40,0
1458552198,40,0
1458552227,40,0
1458552258,40,0
1458552287,40,0
1458554609,29,0
1458554917,29,0
1458554933,29,0
1458555919,29,0
1458556018,29,0
1458556177,29,0
1458556444,29,0
1458556558,29,0
1458556928,40,0
1458556962,40,0
1458557025,40,0
1458557056,40,0
1458557618,40,0
1458562681,28,0
1458562740,28,0
1458564582,40,0
1458564611,40,0
1458564641,40,0
1458564675,40,0
1458564711,40,0
1458564753,40,0
1458566209,40,0
1458566309,40,0
1458567429,40,0
1458568269,40,0
1458568971,31,0
1458569764,40,0
1458571470,40,0
1458572808,40,0
1458573927,40,0
1458574852,40,0
1458576008,40,0
1458576674,31,0
1458576870,31,0
1458577018,40,0
1458578096,40,0
1458578204,17,0
1458579090,40,0
1458581315,40,0
1458582448,40,0
1458583643,40,0
1458584485,40,0
1458585686,40,0
1458588425,44,0
1458588485,44,0
1458590248,40,0
1458590306,40,0
1458590339,40,0
1458590373,40,0
1458591740,40,0
1458592708,17,0
1458592722,17,0
1458594792,17,0
1458595077,17,0
1458595625,17,0
1458597977,40,0
1458597986,40,0
1458597989,40,0
1458597992,40,0
1458598011,40,0
1458598015,40,0
1458598031,40,0
1458598037,40,0
1458598041,40,0
1458598065,40,0
1458598069,40,0
1458598072,40,0
1458598179,40,0
1458598183,40,0
1458598186,40,0
1458598190,40,0
1458598195,40,0
1458598198,40,0
1458598218,40,0
1458598221,40,0
1458598225,40,0
1458598228,40,0
1458598231,40,0
1458598252,40,0
1458598261,40,0
1458598264,40,0
1458598271,40,0
1458598281,40,0
1458598303,40,0
1458598305,40,0
1458598339,40,0
1458598376,7,0
1458598623,7,0
1458599895,40,0
1458599932,40,0
1458600006,7,0
1458601359,40,0
1458602999,41,0
1458603005,41,0
1458603152,41,0
1458603154,41,0
1458603214,41,0
1458603239,41,0
1458603243,40,1
1458603260,41,0
1458603271,41,0
1458603293,41,0
1458603300,41,0
1458604306,40,0
1458604582,41,0
1458604595,41,0
1458604732,41,0
1458604786,41,0
1458604844,41,0
1458604855,41,0
1458605083,41,0
1458605102,41,0
1458605141,41,0
1458605506,41,0
1458605516,41,0
1458605531,41,0
1458606197,41,0
1458606493,28,0
1458606795,40,0
1458607751,44,0
1458608106,41,0
1458608166,41,0
1458608293,41,0
1458608334,41,0
1458609355,28,0
1458609743,40,0
1458609930,40,0
1458611843,40,0
1458613098,40,0
1458613131,40,0
1458614009,40,0
1458618844,40,0
1458618875,40,0
1458618901,40,0
1458618925,29,0
1458618929,40,0
1458618944,29,0
1458618963,29,0
1458619080,29,1
1458619099,29,1
1458619138,29,1
1458619600,40,0
1458619813,29,0
1458619837,29,0
1458619847,29,0
1458619907,29,0
1458620142,29,0
1458620175,29,0
1458620287,29,0
1458620314,29,0
1458620401,29,0
1458620592,29,0
1458620630,29,0
1458620725,29,0
1458621046,29,0
1458621201,29,0
1458621234,29,0
1458621460,29,0
1458621490,29,0
1458621537,29,0
1458621586,29,0
1458621702,29,0
1458621768,29,0
1458621891,29,0
1458621898,29,0
1458621981,29,0
1458622056,29,0
1458622056,29,0
1458622413,29,0
1458625593,40,0
1458625633,40,0
1458625695,40,0
1458626364,29,0
1458626388,29,0
1458626794,44,0
1458627307,29,0
1458628966,40,0
1458628990,44,0
1458629038,44,0
1458629310,44,0
1458629410,44,0
1458629521,7,0
1458629582,44,0
1458629615,44,0
1458629645,7,0
1458629805,29,0
1458630007,7,0
1458630007,29,0
1458630083,29,0
1458630129,29,0
1458630136,29,0
1458630144,29,0
1458630237,29,0
1458630294,29,0
1458630328,29,0
1458630424,29,0
1458630452,29,0
1458630755,29,0
1458632125,40,0
1458632159,40,0
1458632219,40,0
1458633230,50,0
1458633371,50,0
1458633657,40,1
1458636995,40,0
1458637823,40,0
1458639902,44,0
1458641828,40,0
1458641856,40,0
1458641888,40,0
1458642050,40,0
1458643117,40,0
1458643273,29,0
1458643310,33,0
1458644380,40,0
1458645342,40,0
1458646429,40,0
1458647463,40,0
1458648808,40,0
1458649726,40,0
1458650673,40,0
1458651931,40,0
1458653098,40,0
1458654277,40,0
1458655290,40,0
1458655660,17,0
1458657213,40,0
1458658225,40,0
1458660639,40,0
1458660775,28,0
1458661783,40,0
1458662609,40,0
1458662721,41,0
1458663869,40,0
1458664830,40,0
1458665910,40,0
1458667082,40,0
1458667348,7,0
1458667398,7,0
1458668187,40,0
1458669034,40,0
1458670231,40,0
1458671307,40,0
1458672271,40,0
1458673673,40,0
1458674478,35,0
1458674727,40,1
1458675916,40,0
1458676560,35,0
1458676588,40,0
1458677271,35,0
1458677740,40,0
1458678700,17,0
1458679003,44,0
1458679959,40,0
1458679988,40,0
1458680956,44,0
1458681193,44,0
1458681198,44,0
1458681244,44,0
1458681322,40,0
1458682229,34,0
1458682528,17,0
1458682913,31,0
1458682940,31,0
1458682950,17,0
1458683000,31,0
1458683005,31,0
1458683096,31,0
1458683138,40,0
1458683179,31,0
1458683256,31,0
1458683307,40,0
1458683571,31,0
1458684490,34,0
1458684893,40,0
1458685838,41,0
1458686258,33,0
1458686272,31,0
1458686320,31,0
1458686478,31,0
1458686499,31,0
1458687711,40,0
1458687740,40,0
1458687773,40,0
1458688022,28,0
1458688119,28,0
1458688153,31,0
1458688244,28,0
1458688507,28,0
1458688584,40,0
1458688915,28,0
1458690828,15,0
1458690852,15,0
1458691257,41,0
1458691296,28,0
1458691513,50,0
1458691688,41,0
1458692032,41,0
1458692066,40,0
1458692105,40,0
1458692140,40,0
1458692247,7,0
1458692856,40,0
1458693924,40,0
1458694242,44,0
1458694810,31,0
1458694863,31,0
1458694890,50,0
1458695023,31,0
1458695087,31,0
1458695555,44,0
1458695565,35,0
1458695649,50,0
1458695656,35,0
1458696161,17,1
1458697380,50,0
1458698741,35,0
1458699145,31,0
1458699235,31,0
1458699269,35,0
1458699280,31,0
1458699779,35,0
1458700176,38,0
1458701091,50,0
1458701672,35,0
1458702182,7,0
1458702188,35,0
1458702228,35,0
1458702238,15,0
1458702475,44,0
1458703380,40,0
1458703416,40,0
1458703450,40,0
1458703478,40,0
1458703879,33,0
1458705282,29,0
1458705289,29,0
1458705298,29,0
1458705333,29,0
1458705352,29,0
1458705414,29,0
1458705849,29,0
1458705929,29,0
1458705961,29,0
1458705985,29,0
1458706010,29,0
1458706074,29,0
1458706110,29,0
1458706446,29,0
1458706461,29,0
1458706475,29,0
1458706778,29,0
1458706831,29,0
1458706840,29,0
1458706857,29,0
1458707060,29,0
1458708665,40,0
1458708697,40,0
1458708765,40,0
1458708794,40,0
1458708849,40,0
1458708985,40,0
1458710128,40,0
1458711825,29,0
1458711856,29,0
1458711882,29,0
1458711890,29,0
1458711943,29,0
1458711972,29,0
1458712018,29,0
1458712050,29,0
1458712057,29,0
1458712074,29,0
1458712087,29,0
1458712104,29,0
1458712135,29,0
1458712150,29,0
1458713285,44,0
1458716057,44,0
1458716329,44,0
1458716491,44,0
1458716560,44,0
1458716787,44,0
1458717555,10,0
1458718129,50,0
1458718141,50,0
1458718218,50,0
1458719449,40,0
1458719479,40,0
1458719507,40,0
1458719536,40,0
1458719566,40,0
1458719593,40,0
1458723452,34,0
1458723533,34,0
1458723612,34,0
1458724240,50,0
1458724638,44,0
1458724662,44,0
1458724681,44,0
1458725480,7,0
1458727087,50,0
1458727419,44,0
1458728508,33,0
1458730090,2,0
1458730114,2,0
1458730137,2,0
1458730297,2,0
1458730759,2,0
1458730770,2,0
1458730785,40,0
1458730815,40,0
1458730816,2,0
1458730857,40,0
1458730919,40,0
1458731076,2,0
1458731145,2,0
1458731434,2,0
1458731438,2,0
1458731512,2,0
1458731603,2,0
1458731664,2,0
1458731731,40,0
1458732697,50,0
1458733261,29,0
1458733669,40,0
1458737122,40,0
1458737173,28,0
1458737186,28,0
1458739272,40,0
1458739373,40,0
1458739406,40,0
1458739799,2,0
1458739932,2,0
1458740067,2,0
1458740244,2,0
1458740307,2,0
1458740337,2,0
1458740547,40,0
1458741487,40,0
1458742488,40,0
1458743605,40,0
1458744755,40,0
1458748050,40,0
1458749121,41,0
1458749257,40,0
1458750031,40,0
1458751167,40,0
1458751282,17,0
1458752184,40,0
1458753387,40,0
1458755729,40,0
1458756710,40,0
1458757553,17,0
1458757768,40,0
1458758790,40,0
1458759696,35,0
1458759962,40,0
1458760992,34,0
1458761008,40,0
1458761087,34,0
1458761257,34,0
1458761585,34,0
1458761667,35,0
1458761947,2,0
1458762082,34,0
1458762086,40,0
1458762089,2,0
1458762095,2,0
1458762273,2,0
1458762282,31,0
1458762292,2,0
1458762460,2,0
1458762522,2,0
1458762600,2,0
1458762720,2,0
1458762864,2,0
1458763106,2,0
1458763359,2,0
1458763500,2,0
1458763712,2,0
1458763809,2,0
1458763912,44,0
1458764446,34,0
1458765152,17,0
1458765156,17,0
1458765323,34,0
1458765833,5,0
1458765946,5,0
1458766671,40,0
1458766702,40,0
1458767010,34,0
1458768367,31,0
1458768398,31,0
1458769182,40,0
1458769208,40,0
1458769289,40,0
1458769316,40,0
1458769464,40,0
1458769768,24,0
1458769806,24,0
1458769817,24,1
1458769854,24,1
1458769891,24,1
1458769896,24,0
1458769908,24,1
1458769931,24,0
1458769980,24,1
1458769984,24,1
1458770015,17,0
1458770016,24,1
1458770089,24,0
1458770101,31,0
1458770109,31,0
1458770311,24,0
1458770322,24,1
1458770328,24,1
1458770337,24,1
1458770842,24,0
1458770869,24,0
1458770904,24,0
1458770913,24,0
1458770928,24,0
1458770934,24,0
1458770944,24,0
1458770951,24,0
1458770970,24,0
1458770976,24,0
1458771097,24,1
1458771109,24,1
1458771118,24,1
1458771120,24,1
1458771124,24,1
1458771128,24,1
1458771131,24,1
1458771146,24,1
1458771153,34,0
1458771163,34,0
1458771177,24,0
1458771192,24,0
1458771201,24,0
1458771216,24,1
1458771238,24,0
1458771249,24,1
1458771259,24,0
1458771267,24,1
1458771278,24,0
1458771297,24,0
1458771306,24,0
1458771311,24,0
1458771344,24,0
1458771450,24,0
1458771456,24,0
1458771474,24,0
1458771519,24,0
1458771548,24,0
1458771553,31,0
1458771562,24,0
1458771570,24,0
1458771582,24,0
1458771591,24,0
1458771623,24,0
1458771665,24,0
1458771716,24,0
1458771733,24,0
1458771741,24,0
1458771783,24,0
1458771801,24,0
1458771811,24,0
1458771839,24,0
1458771862,24,0
1458771904,31,0
1458771919,31,0
1458771937,31,0
1458772044,31,0
1458772094,24,0
1458772217,24,0
1458772227,24,0
1458772238,24,0
1458772273,24,0
1458772297,24,0
1458772335,24,0
1458772355,24,0
1458772370,24,0
1458772370,44,0
1458772397,24,0
1458772406,24,1
1458772422,24,0
1458772506,24,0
1458772522,24,0
1458772548,31,0
1458772914,24,1
1458772921,24,1
1458772946,24,1
1458772976,24,0
1458772982,24,0
1458772990,24,0
1458773021,24,0
1458773101,24,0
1458773120,24,0
1458773131,24,0
1458773146,24,1
1458773155,24,0
1458773161,24,1
1458773202,24,0
1458773223,24,0
1458773267,24,0
1458773282,24,0
1458773288,24,0
1458773301,24,0
1458773310,24,0
1458773330,24,0
1458773348,24,0
1458773371,24,1
1458773382,24,0
1458773396,24,0
1458773471,24,0
1458773481,24,0
1458773501,24,1
1458773511,24,0
1458773516,24,0
1458773524,24,0
1458773536,24,0
1458773611,24,0
1458773623,24,0
1458773645,24,0
1458773652,24,0
1458773689,24,0
1458773706,24,0
1458773722,24,0
1458773810,24,0
1458774283,24,1
1458774317,24,0
1458774334,24,0
1458774355,24,0
1458774398,24,0
1458774427,24,0
1458774448,24,0
1458774453,24,0
1458774460,24,0
1458774474,24,0
1458774498,24,0
1458774513,24,0
1458774523,24,0
1458774533,24,0
1458775032,44,0
1458775187,44,0
1458775944,44,0
1458780920,17,0
1458780931,17,0
1458780942,17,0
1458781684,40,0
1458781714,40,0
1458781746,40,0
1458781776,40,0
1458781808,31,0
1458781853,31,0
1458782384,31,0
1458782663,40,0
1458782843,17,0
1458783377,31,0
1458783434,31,0
1458783640,40,0
1458785881,31,0
1458785910,40,0
1458785938,31,0
1458785959,31,0
1458786034,31,0
1458786805,40,0
1458788014,40,0
1458789144,40,0
1458798782,44,0
1458799112,44,0
1458799686,35,0
1458799759,33,0
1458803559,29,0
1458803580,29,0
1458803598,29,0
1458803657,50,0
1458803920,50,0
1458804538,2,0
1458804568,2,0
1458804689,5,0
1458805632,29,0
1458805648,29,0
1458805664,29,0
1458805691,29,0
1458805707,29,0
1458805719,29,0
1458805730,29,0
1458805757,29,0
1458805831,29,0
1458805863,29,0
1458805915,29,0
1458805936,29,0
1458805960,29,0
1458806820,34,0
1458806846,34,0
1458807906,2,0
1458807931,2,0
1458808084,2,0
1458808242,2,0
1458808257,2,0
1458808263,2,0
1458808294,2,0
1458808319,2,0
1458808617,2,0
1458809120,2,0
1458809281,2,0
1458809309,2,0
1458809383,2,0
1458809561,2,0
1458809624,2,0
1458810148,34,0
1458810237,34,0
1458812436,7,0
1458828699,17,0
1458828766,17,0
1458830566,28,0
1458830590,28,0
1458830607,28,0
1458830624,28,0
1458832506,31,0
1458833052,29,0
1458835520,41,0
1458841331,34,0
1458841479,34,0
1458841753,31,0
1458841810,40,0
1458841838,40,0
1458841868,40,0
1458841895,40,0
1458841958,40,0
1458842127,40,0
1458842465,31,0
1458843611,35,0
1458844526,34,0
1458844628,34,0
1458844714,34,0
1458844926,34,0
1458844962,34,0
1458845125,34,0
1458845227,34,0
1458845327,34,0
1458846628,29,0
1458846982,34,0
1458848557,31,0
1458848909,31,0
1458854594,35,0
1458855419,44,0
1458858992,31,0
1458859017,31,0
1458863674,44,0
1458863682,44,0
1458863811,35,0
1458863909,35,0
1458866698,50,0
1458867540,44,0
1458869006,35,0
1458869044,34,0
1458869159,34,0
1458869521,17,0
1458869527,17,0
1458869535,17,0
1458869540,17,0
1458869545,17,0
1458869550,17,0
1458869565,17,0
1458873039,50,0
1458873675,5,0
1458874005,40,0
1458874035,40,0
1458874065,40,0
1458874092,40,0
1458874182,40,0
1458874217,5,0
1458874525,40,0
1458875918,7,0
1458876029,40,0
1458876564,40,0
1458877603,40,0
1458877614,40,0
1458877618,40,0
1458877637,40,0
1458877641,40,0
1458877658,40,0
1458877662,40,0
1458877666,40,0
1458877687,40,0
1458877691,40,0
1458877697,40,0
1458877703,40,0
1458877703,40,0
1458877729,40,0
1458877733,40,0
1458877849,40,0
1458877863,40,0
1458877867,40,0
1458877900,40,0
1458877904,40,0
1458877907,40,0
1458877910,15,0
1458877910,40,0
1458877913,40,0
1458877942,40,0
1458877946,40,0
1458877949,40,0
1458877964,40,0
1458877971,40,0
1458877976,40,0
1458878024,40,0
1458878034,40,0
1458878059,40,0
1458878068,40,0
1458889011,40,0
1458889014,40,0
1458889020,40,0
1458889048,40,0
1458889052,40,0
1458889055,40,0
1458889152,40,0
1458889155,40,0
1458889160,40,0
1458889163,40,0
1458890379,35,0
1458890734,34,0
1458891092,35,0
1458891964,29,0
1458892442,29,0
1458894999,50,0
1458895155,40,0
1458895208,40,0
1458895943,40,0
1458897597,50,0
1458897753,44,0
1458901214,7,0
1458903788,17,0
1458903821,17,0
1458915715,31,0
1458915750,31,0
1458915803,31,0
1458916132,31,0
1458920726,9,0
1458920755,9,0
1458920764,9,0
1458921921,41,0
1458926405,26,0
1458927421,15,0
1458927796,40,0
1458927822,40,0
1458927849,40,0
1458927878,40,0
1458927908,40,0
1458927935,40,0
1458928465,40,0
1458931842,17,0
1458931850,17,0
1458931858,17,0
1458931890,17,0
1458931911,17,0
1458932327,40,0
1458932356,40,0
1458932409,40,0
1458932448,44,0
1458932542,40,0
1458932612,17,0
1458933550,44,0
1458933767,44,0
1458933860,44,0
1458938474,31,0
1458938494,31,0
1458938540,31,0
1458939077,34,0
1458939486,44,0
1458941785,44,0
1458943089,5,0
1458947808,34,0
1458947955,34,0
1458952174,30,0
1458953147,2,0
1458954287,7,0
1458954326,7,0
1458954335,7,0
1458954485,7,0
1458954560,17,0
1458954670,7,0
1458954682,7,0
1458954872,7,0
1458959671,31,0
1458959804,7,0
1458963104,31,0
1458965426,40,0
1458965536,40,0
1458965565,40,0
1458965593,40,0
1458966323,40,0
1458973485,30,0
1458973627,30,0
1458974569,40,0
1458974723,40,0
1458974755,40,0
1458975069,30,0
1458975080,30,0
1458975093,30,0
1458975120,30,0
1458975155,30,0
1458975186,30,0
1458975186,30,0
1458976701,40,0
1458977016,34,0
1458977050,34,0
1458977067,34,0
1458977080,34,0
1458978973,40,0
1458979004,40,0
1458981205,29,0
1458981297,29,0
1458981339,29,0
1458981566,29,0
1458986763,40,0
1458986792,40,0
1458986820,40,0
1458987804,40,0
1458991483,40,0
1458991515,40,0
1458991543,40,0
1458993162,40,0
1458993323,40,0
1458993652,17,0
1458995762,24,0
1458995771,24,0
1458995788,24,0
1458995792,24,0
1458995801,24,0
1458995810,24,0
1458995829,24,0
1458995887,24,0
1458995945,24,0
1458995988,24,0
1458996017,24,0
1458996027,24,0
1458996148,24,1
1458996292,24,0
1458996398,24,0
1458996848,40,0
1458998012,40,0
1458998549,40,0
1458998716,41,0
1458998850,41,0
1458998872,17,0
1458998875,41,0
1458998930,17,0
1458998943,41,0
1458999063,41,0
1458999478,41,0
1458999610,41,0
1458999993,41,0
1459000367,41,0
1459003709,17,0
1459007531,40,0
1459007565,40,0
1459007594,40,0
1459007625,40,0
1459007763,40,0
1459007768,17,0
1459008266,40,0
1459008320,41,0
1459009902,40,0
1459010603,40,0
1459010906,17,0
1459011212,9,0
1459011216,9,0
1459011268,9,0
1459011362,9,0
1459011442,40,0
1459011469,9,0
1459011528,9,0
1459011584,9,0
1459011586,9,0
1459011590,9,0
1459011602,9,0
1459011604,9,0
1459011610,9,0
1459011616,9,0
1459011618,9,0
1459011620,9,0
1459011623,9,0
1459011629,9,0
1459011637,9,0
1459011639,9,0
1459011681,9,0
1459011704,9,0
1459011713,9,0
1459011736,9,0
1459011745,9,0
1459011747,9,0
1459011757,9,0
1459011976,35,0
1459012923,31,0
1459012938,9,0
1459012940,9,0
1459012943,9,0
1459012947,9,0
1459012948,9,0
1459012949,9,0
1459012958,9,0
1459012964,9,0
1459012968,9,0
1459012969,9,0
1459012973,9,0
1459012976,9,0
1459013068,9,0
1459013069,9,0
1459013076,9,0
1459013080,9,0
1459013082,9,0
1459013083,9,0
1459013084,9,0
1459013085,9,0
1459013089,9,0
1459013092,9,0
1459013147,9,0
1459013244,9,1
1459013249,9,1
1459013254,9,0
1459013269,9,1
1459013274,9,1
1459013275,9,1
1459013277,9,1
1459013278,9,1
1459013289,9,1
1459013295,9,1
1459013300,9,1
1459013311,9,1
1459013343,9,0
1459013425,9,0
1459013488,9,0
1459013514,9,0
1459013533,9,0
1459013550,9,0
1459013608,17,0
1459013614,17,0
1459013639,9,0
1459013641,9,0
1459013642,9,0
1459013657,9,0
1459013659,9,0
1459013662,9,0
1459013701,9,0
1459013716,9,0
1459013723,9,0
1459015033,40,0
1459015105,40,0
1459016995,40,0
1459017025,40,0
1459017497,31,0
1459017931,44,0
1459017989,40,0
1459023601,50,0
1459024545,5,0
1459024607,31,0
1459024945,31,0
1459024976,31,0
1459025036,31,0
1459027311,44,0
1459028011,17,0
1459029792,17,0
1459030209,28,0
1459030368,17,0
1459031754,7,0
1459032545,28,0
1459033554,7,0
1459034824,7,0
1459038674,2,0
1459038906,17,0
1459040347,15,0
1459040347,15,0
1459042286,40,0
1459042374,40,0
1459042401,40,0
1459042432,40,0
1459042459,40,0
1459042884,40,0
1459043753,40,0
1459043756,40,0
1459043829,40,0
1459043832,40,0
1459043836,40,0
1459043841,40,0
1459043854,40,0
1459043878,40,0
1459043882,40,0
1459043885,40,0
1459043888,40,0
1459043893,40,0
1459043896,40,0
1459043900,40,0
1459043910,40,0
1459043913,40,0
1459043918,40,0
1459043924,40,0
1459043928,40,0
1459043931,40,0
1459043940,40,0
1459043943,40,0
1459043955,40,0
1459043980,40,0
1459043983,40,0
1459043987,40,0
1459043990,40,0
1459044006,40,0
1459044009,40,0
1459044012,40,0
1459044015,40,0
1459044020,40,0
1459044034,40,0
1459044048,40,0
1459044054,40,0
1459044060,40,0
1459044063,40,0
1459044066,40,0
1459044070,40,0
1459044074,40,0
1459044090,40,0
1459044105,40,0
1459044109,40,0
1459044112,40,0
1459044115,40,0
1459044118,40,0
1459044122,40,0
1459044125,40,0
1459044135,40,0
1459044142,40,0
1459044145,40,0
1459044148,40,0
1459044151,40,0
1459044154,40,0
1459044157,40,0
1459044161,40,0
1459044176,40,0
1459044179,40,0
1459044196,40,0
1459044201,40,0
1459044211,40,0
1459044214,40,0
1459044221,40,0
1459044287,40,0
1459044294,40,0
1459044298,40,0
1459044490,41,0
1459044781,29,0
1459045697,31,0
1459046804,31,0
1459047884,31,0
1459047935,31,0
1459047937,31,0
1459048066,31,0
1459048184,31,0
1459048835,7,0
1459049427,31,0
1459049513,29,0
1459049565,29,0
1459049586,29,0
1459049790,29,0
1459049889,29,0
1459049936,29,0
1459051184,41,0
1459051273,41,0
1459051446,41,0
1459052856,31,0
1459053367,31,0
1459054880,44,0
1459061186,44,0
1459067569,44,0
1459070785,34,0
1459070846,34,0
1459070895,34,0
1459070914,34,0
1459071014,34,0
1459071357,34,0
1459076464,2,0
1459076517,2,0
1459076620,2,0
1459077575,17,0
1459077592,17,0
1459077706,32,0
1459077766,26,0
1459078745,17,0
1459078754,17,0
1459082684,32,1
1459089847,2,0
1459089972,2,0
1459089981,2,0
1459090415,2,0
1459091687,31,0
1459092062,17,0
1459092305,17,0
1459092797,40,0
1459092827,40,0
1459092886,40,0
1459092917,40,0
1459093524,40,0
1459093877,28,0
1459094399,17,0
1459094407,17,0
1459097269,41,0
1459097436,41,0
1459098126,40,0
1459098156,40,0
1459098186,40,0
1459098217,40,0
1459100358,1,0
1459100386,40,0
1459102582,31,0
1459103826,40,0
1459103856,40,0
1459103892,40,0
1459105720,44,0
1459105829,31,0
1459105852,31,0
1459106004,40,0
1459106034,28,0
1459106039,40,0
1459106043,28,0
1459106077,40,0
1459106084,28,0
1459106462,10,1
1459108458,31,0
1459109778,28,0
1459112389,17,0
1459114500,5,0
1459114560,8,0
1459115406,2,0
1459115948,2,0
1459116018,2,0
1459116039,2,0
1459116095,2,0
1459116139,2,0
1459116139,2,0
1459117453,40,0
1459117472,17,0
1459117480,40,0
1459117555,40,0
1459117562,17,0
1459117585,40,0
1459117611,40,1
1459118361,40,0
1459118543,41,0
1459118988,41,0
1459118991,41,0
1459119010,41,0
1459119081,41,0
1459119130,41,0
1459119214,41,0
1459119378,41,0
1459119661,33,0
1459119661,33,0
1459120520,41,0
1459120534,41,0
1459120538,41,0
1459120594,41,0
1459120661,41,0
1459120671,41,0
1459120705,41,0
1459120730,41,0
1459120901,41,0
1459121210,8,0
1459121836,40,0
1459121838,40,0
1459121841,40,0
1459121844,40,0
1459121847,40,0
1459121878,40,0
1459121882,40,0
1459121913,40,0
1459121916,40,0
1459121919,40,0
1459121942,40,0
1459121946,40,0
1459121949,40,0
1459121953,40,0
1459121955,40,0
1459121975,40,0
1459121978,40,0
1459121981,40,0
1459121984,40,0
1459121988,40,0
1459121991,40,0
1459122021,40,0
1459122024,40,0
1459122027,40,0
1459122053,40,0
1459122059,40,0
1459122065,40,0
1459122093,40,0
1459122097,40,0
1459122100,40,0
1459122105,40,0
1459122108,40,0
1459122111,40,0
1459122127,40,0
1459122130,40,0
1459122132,40,0
1459122135,40,0
1459122138,40,0
1459122142,40,0
1459122163,40,0
1459122166,40,0
1459122169,40,0
1459122172,40,0
1459122188,40,0
1459122191,40,0
1459122194,40,0
1459122197,40,0
1459122201,40,0
1459122212,40,0
1459122236,40,0
1459122238,40,0
1459122241,40,0
1459122246,40,0
1459122251,40,0
1459122257,40,0
1459122312,40,0
1459126384,17,0
1459128066,7,0
1459128584,7,0
1459128662,40,0
1459128726,40,0
1459128757,40,0
1459128785,40,0
1459128844,7,0
1459128987,7,0
1459129134,7,0
1459129254,40,0
1459130190,44,0
1459130503,10,0
1459130503,10,0
1459133142,28,0
1459133149,28,0
1459133177,28,0
1459133187,28,0
1459133219,28,0
1459133228,28,0
1459133239,28,0
1459133266,28,0
1459133316,28,0
1459133376,28,0
1459133387,28,0
1459133530,28,0
1459134809,28,0
1459134810,28,0
1459135005,35,0
1459137211,40,0
1459137241,40,0
1459137326,40,0
1459137355,40,0
1459137382,40,0
1459137411,40,0
1459137804,40,0
1459139653,31,0
1459139727,31,0
1459139759,31,0
1459140638,31,0
1459140999,31,0
1459142499,35,0
1459142591,35,0
1459143931,40,0
1459143961,40,0
1459144026,40,0
1459144062,40,0
1459144170,35,0
1459148450,44,0
1459151760,7,0
1459151919,7,0
1459151980,7,0
1459152064,50,0
1459152230,7,0
1459153919,32,0
1459154200,7,0
1459154263,7,0
1459154978,34,0
1459155683,32,0
1459155683,32,0
1459156284,40,0
1459157248,40,0
1459159860,50,0
1459165046,40,0
1459165077,40,0
1459165107,40,0
1459165136,40,1
1459165171,40,0
1459165209,40,0
1459166790,40,0
1459167027,40,0
1459168172,40,0
1459171649,17,0
1459171674,17,0
1459175382,17,0
1459176293,44,0
1459178783,31,0
1459180355,31,0
1459181020,28,0
1459181120,41,0
1459183754,17,0
1459184306,17,0
1459184628,28,0
1459184917,28,0
1459185150,28,0
1459185950,40,0
1459185977,40,0
1459186008,40,0
1459186064,40,0
1459186095,40,0
1459186124,34,0
1459186223,34,0
1459186338,34,0
1459186444,34,0
1459186526,34,0
1459186646,40,0
1459187369,34,0
1459187439,34,0
1459188273,9,0
1459188278,34,0
1459188283,9,0
1459188290,9,0
1459188296,9,0
1459188302,9,0
1459188318,9,0
1459188469,41,0
1459188640,17,0
1459188705,41,0
1459188725,41,0
1459188782,41,0
1459188825,34,0
1459189059,34,0
1459189072,29,0
1459189116,29,0
1459189122,29,0
1459190125,34,0
1459190125,34,0
1459190157,34,0
1459190205,34,0
1459190219,17,0
1459190274,34,0
1459190296,28,0
1459191367,44,0
1459191693,7,0
1459191780,44,0
1459192061,17,0
1459192067,17,0
1459192073,17,0
1459195581,28,0
1459195917,38,0
1459195917,38,0
1459196558,41,0
1459196697,41,0
1459197790,17,0
1459199614,26,0
1459199764,26,0
1459199764,26,0
1459200463,34,0
1459201952,40,0
1459201988,40,0
1459202025,40,0
1459202057,40,0
1459202112,40,0
1459203298,40,0
1459203336,40,0
1459203370,40,0
1459203403,40,0
1459203624,40,0
1459205548,41,0
1459205553,41,0
1459205562,41,0
1459207178,44,0
1459207448,44,0
1459208346,44,0
1459210204,40,0
1459210251,40,0
1459210282,40,0
1459210311,40,0
1459211245,40,0
1459211972,17,0
1459212111,5,0
1459212111,5,0
1459212111,9,0
1459212123,9,0
1459212134,9,0
1459212139,9,0
1459212144,9,0
1459212150,17,0
1459212152,9,0
1459212164,9,0
1459212174,17,0
1459212179,9,0
1459214544,17,0
1459214873,8,0
1459214991,8,0
1459214991,8,0
1459215725,44,0
1459216947,31,0
1459217584,41,0
1459219223,40,0
1459219253,40,0
1459219340,40,0
1459219373,40,0
1459219411,40,0
1459219450,40,0
1459220071,34,0
1459220251,34,0
1459221898,34,0
1459222345,29,0
1459227847,40,0
1459227904,40,0
1459227932,40,0
1459228705,40,0
1459230144,34,0
1459234672,40,0
1459234699,40,1
1459234728,40,0
1459235004,40,0
1459235550,7,0
1459236251,7,0
1459236452,7,0
1459237654,7,0
1459237980,7,0
1459238972,35,0
1459239219,35,0
1459241621,34,0
1459243757,44,0
1459243921,44,0
1459244342,44,0
1459244840,31,0
1459246063,34,0
1459246512,34,0
1459246656,34,0
1459246937,34,0
1459247166,50,0
1459247207,50,0
1459253091,9,0
1459253111,9,0
1459253111,9,0
1459259406,17,0
1459264893,40,0
1459264924,17,0
1459264972,40,0
1459265008,40,0
1459266664,31,0
1459266811,40,0
1459266842,40,0
1459267204,31,0
1459267521,41,0
1459267571,31,0
1459268368,40,0
1459270912,34,0
1459270998,17,0
1459272124,40,0
1459272159,40,0
1459272189,40,0
1459272780,34,0
1459273123,40,0
1459273184,40,0
1459273874,29,0
1459275989,31,0
1459277283,31,0
1459277641,17,0
1459278549,31,0
1459278570,7,0
1459279290,17,0
1459279306,17,0
1459279351,40,1
1459279380,40,0
1459279412,40,0
1459279442,40,0
1459279526,40,0
1459281663,17,0
1459281716,17,0
1459281858,34,0
1459281916,34,0
1459287483,35,0
1459287483,35,0
1459287890,1,0
1459287917,1,0
1459287917,1,0
1459288247,41,0
1459288274,41,0
1459288373,41,0
1459288379,41,0
1459288396,41,0
1459288454,41,0
1459289813,24,0
1459289818,24,0
1459289828,24,0
1459289842,24,0
1459289882,24,0
1459289892,24,0
1459289904,24,0
1459289912,24,0
1459289935,24,0
1459289942,24,0
1459289958,24,0
1459289963,24,0
1459290019,24,0
1459290027,24,0
1459290095,24,0
1459290103,24,0
1459290121,24,0
1459290129,24,0
1459290151,24,0
1459290166,24,1
1459290176,24,1
1459290184,24,0
1459290195,24,0
1459290204,24,0
1459290214,24,0
1459290222,24,0
1459290228,24,0
1459290261,24,0
1459290267,24,0
1459290282,24,0
1459290298,24,0
1459290303,24,0
1459290307,24,0
1459290319,24,0
1459290328,24,1
1459290345,24,0
1459290357,24,0
1459290364,24,0
1459290370,24,0
1459290376,24,0
1459290395,24,0
1459290408,24,0
1459290413,24,0
1459290428,24,0
1459290450,24,0
1459290461,24,0
1459290487,24,0
1459290501,24,1
1459290514,24,0
1459290556,24,0
1459290576,24,0
1459290616,24,0
1459290627,24,0
1459290632,24,0
1459290644,24,0
1459290770,24,0
1459290776,24,0
1459290836,24,0
1459290885,24,0
1459290891,24,0
1459290970,24,0
1459290982,24,0
1459291046,24,0
1459291104,24,0
1459291127,24,0
1459291139,24,0
1459291207,24,0
1459291213,24,0
1459291222,24,0
1459291228,24,0
1459291236,24,0
1459291251,24,0
1459291271,24,0
1459291277,24,0
1459291319,24,0
1459291327,24,0
1459291435,24,0
1459291480,24,0
1459291526,24,0
1459291541,24,0
1459291558,24,0
1459291571,24,0
1459291590,24,0
1459291601,24,0
1459291613,24,0
1459291653,24,0
1459291669,24,0
1459291679,24,0
1459291701,24,0
1459291734,24,1
1459291763,24,0
1459291794,24,0
1459291802,24,0
1459291824,24,0
1459291838,24,0
1459291875,24,0
1459291875,24,0
1459294536,7,0
1459294583,7,0
1459294867,7,0
1459296014,17,0
1459296027,17,0
1459296027,17,0
1459296245,31,0
1459296245,31,0
1459299489,28,0
1459299662,28,0
1459301158,28,0
1459303449,41,0
1459303504,41,0
1459303695,41,0
1459303734,41,0
1459303747,41,0
1459303873,41,0
1459303901,41,0
1459303901,41,0
1459304946,29,0
1459307047,28,0
1459307047,28,0
1459307142,29,0
1459307142,29,0
1459311058,34,0
1459311093,34,0
1459311344,7,0
1459311344,7,0
1459313629,40,0
1459313698,40,0
1459313793,40,0
1459313828,40,0
1459313859,40,0
1459313891,40,0
1459313919,40,0
1459313919,40,0
1459315349,34,0
1459315349,34,0
1459317090,44,0
1459317161,44,0
1459318930,44,0
1459321736,44,0
1459321751,44,0
1459321889,44,0
1459321945,44,0
1459321987,50,0
1459321987,50,0
1459322103,44,0
1459322103,44,0
