1454326195,4,0
1454326195,4,0
1454328386,30,0
1454328400,30,0
1454328423,30,0
1454328565,30,0
1454329032,30,0
1454329726,30,0
1454331323,30,0
1454335253,32,0
1454338792,32,0
1454339315,32,0
1454343505,32,0
1454345072,46,0
1454345081,46,0
1454345099,46,0
1454345125,46,0
1454345148,46,0
1454345210,46,0
1454345327,46,0
1454345385,46,0
1454345404,46,0
1454345420,32,0
1454346888,32,0
1454350700,30,0
1454351439,32,0
1454352911,30,0
1454353388,30,0
1454361204,32,0
1454366958,32,0
1454366965,32,0
1454366992,32,0
1454367082,32,0
1454368621,32,0
1454371678,32,0
1454373483,44,0
1454374823,44,0
1454375351,44,0
1454375695,44,0
1454375703,44,0
1454376967,44,0
1454377077,44,0
1454379386,44,0
1454379447,44,0
1454379483,44,0
1454379539,8,0
1454379640,44,0
1454379748,44,0
1454394212,32,0
1454395762,8,0
1454395957,32,0
1454399551,8,0
1454399737,8,0
1454411701,32,0
1454421267,28,0
1454421419,28,0
1454426195,30,0
1454426547,30,0
1454426622,30,0
1454426792,30,0
1454427556,32,0
1454427654,32,0
1454429895,28,0
1454434439,30,0
1454440260,30,0
1454441788,30,0
1454442660,32,0
1454443751,41,0
1454443868,41,0
1454444250,41,0
1454444355,41,0
1454444447,28,0
1454444930,41,0
1454444949,41,0
1454445139,41,0
1454445173,41,0
1454445535,41,0
1454445550,41,0
1454453825,44,0
1454455508,44,0
1454455726,44,0
1454455769,44,0
1454455784,44,0
1454457026,28,0
1454457174,28,0
1454457276,28,0
1454458892,28,0
1454459926,32,0
1454470404,32,0
1454470569,44,0
1454470676,44,0
1454470699,44,0
1454471126,44,0
1454471279,44,0
1454472118,44,0
1454473071,18,0
1454474250,44,0
1454474375,44,0
1454482250,29,0
1454482280,29,0
1454482330,29,0
1454482343,29,0
1454482359,29,0
1454482375,29,0
1454482508,29,0
1454482515,29,0
1454482611,29,0
1454482624,29,0
1454482628,29,0
1454482696,29,0
1454482897,29,0
1454482947,29,0
1454482959,29,0
1454483010,29,0
1454483016,29,0
1454483039,29,0
1454483047,29,0
1454483056,29,0
1454483081,29,0
1454483128,29,0
1454483179,29,0
1454483189,29,0
1454483194,29,0
1454483202,29,0
1454483250,29,0
1454483260,29,0
1454483265,29,0
1454483275,29,0
1454483318,29,0
1454483347,29,0
1454483362,29,0
1454483438,29,0
1454483489,29,0
1454483508,29,0
1454483561,29,0
1454483671,29,0
1454483742,29,0
1454483750,29,0
1454483761,29,0
1454483792,29,0
1454483814,29,0
1454483856,29,0
1454483976,29,0
1454483989,29,0
1454483999,29,0
1454484032,29,0
1454484034,29,0
1454484052,29,0
1454484083,29,0
1454484106,29,0
1454484115,29,0
1454484129,29,0
1454484158,29,0
1454484203,29,0
1454484232,29,0
1454484243,29,0
1454484248,29,0
1454484259,29,0
1454484287,29,0
1454484341,29,0
1454484357,29,0
1454484366,29,0
1454484395,29,0
1454484406,29,0
1454484424,29,0
1454484430,29,0
1454484471,29,0
1454484480,29,0
1454484484,29,0
1454484502,29,0
1454484580,29,0
1454484590,29,0
1454484606,29,0
1454484642,29,0
1454484693,29,0
1454484731,29,0
1454484737,29,0
1454484750,29,0
1454484796,29,0
1454484810,29,0
1454484832,29,0
1454484886,29,0
1454484897,29,0
1454484975,29,0
1454484995,29,0
1454485008,29,0
1454485068,29,0
1454485122,29,0
1454485137,29,0
1454485319,29,0
1454485358,29,0
1454485370,29,0
1454485385,29,0
1454485388,29,0
1454485449,29,0
1454485485,29,0
1454485501,29,0
1454485571,29,0
1454485602,29,0
1454485610,8,0
1454485619,29,0
1454485645,29,0
1454485697,29,0
1454485708,29,0
1454485745,29,0
1454485793,29,0
1454485817,29,0
1454485838,29,0
1454485850,29,0
1454485903,29,0
1454485923,29,0
1454485939,29,0
1454485953,29,0
1454485972,29,0
1454485982,29,0
1454486004,29,0
1454486041,29,0
1454486105,29,0
1454486108,29,0
1454486124,29,0
1454486201,29,0
1454486220,29,0
1454486241,29,0
1454486254,29,0
1454486264,29,0
1454486271,29,0
1454486282,29,0
1454486294,29,0
1454486354,29,0
1454486361,29,0
1454486366,29,0
1454486369,29,0
1454486418,29,0
1454486421,29,0
1454486439,29,0
1454486454,29,0
1454486518,29,0
1454486532,29,0
1454486557,29,0
1454486570,29,0
1454486704,29,0
1454487562,29,0
1454488540,46,1
1454488555,46,1
1454488560,46,0
1454488616,46,0
1454488630,46,0
1454488638,46,0
1454488832,46,0
1454488994,46,0
1454489043,46,0
1454491811,29,0
1454491846,29,0
1454491937,29,0
1454491952,29,0
1454491964,29,0
1454492007,29,0
1454492022,29,0
1454492271,29,0
1454492278,29,0
1454492529,29,0
1454492919,29,0
1454499285,30,1
1454499328,30,1
1454508882,30,0
1454509763,32,0
1454515608,28,0
1454515685,28,0
1454520026,30,0
1454525390,30,0
1454526688,8,0
1454526956,30,0
1454527830,8,0
1454534531,30,0
1454537762,32,0
1454545073,32,0
1454547076,28,0
1454547283,28,0
1454548282,28,0
1454548325,28,0
1454548489,28,0
1454550830,8,0
1454553999,32,0
1454554023,32,0
1454557463,44,0
1454557532,44,0
1454557563,44,0
1454558116,44,0
1454558213,44,0
1454562805,29,0
1454562817,29,0
1454563865,29,0
1454566333,46,0
1454566342,46,0
1454566399,46,0
1454572347,46,0
1454572381,46,0
1454572403,46,0
1454576489,8,0
1454576499,8,0
1454580976,12,0
1454584982,30,0
1454585047,30,0
1454585121,30,0
1454596477,18,0
1454600493,18,0
1454600519,18,0
1454601946,30,0
1454602020,30,0
1454602116,30,0
1454602655,30,0
1454608059,30,0
1454608921,30,0
1454609653,29,0
1454609691,29,0
1454616802,30,0
1454621086,32,0
1454622356,30,0
1454624018,44,0
1454624189,44,0
1454624356,44,0
1454625405,44,0
1454625444,44,0
1454625544,44,0
1454625825,44,0
1454626836,44,0
1454629063,18,0
1454630453,44,0
1454630806,28,0
1454630949,28,0
1454631099,28,0
1454631492,28,0
1454631669,28,0
1454631678,28,0
1454632043,32,0
1454632477,28,0
1454633601,28,0
1454635024,28,0
1454641317,29,0
1454641513,29,0
1454643178,29,0
1454643956,29,0
1454644054,29,0
1454644192,29,0
1454644195,29,0
1454644197,29,0
1454644222,29,0
1454644228,29,0
1454644230,29,0
1454644233,29,0
1454644235,29,0
1454644238,29,0
1454644253,29,0
1454647366,18,0
1454649751,29,0
1454649776,29,0
1454651753,29,0
1454654867,8,0
1454665072,29,0
1454678690,30,0
1454691747,18,0
1454692349,18,0
1454698337,30,0
1454700478,30,0
1454701110,30,0
1454701431,30,0
1454701512,32,0
1454701529,32,0
1454702576,30,0
1454704178,29,0
1454704415,29,0
1454705045,30,0
1454705317,30,0
1454705364,29,0
1454705373,29,0
1454705407,29,0
1454705412,29,0
1454705453,30,0
1454705457,29,0
1454705578,29,0
1454705726,30,0
1454705973,29,0
1454705994,29,0
1454706130,29,0
1454706245,29,0
1454706364,30,0
1454706541,29,0
1454707012,29,0
1454707055,29,0
1454707074,29,0
1454707080,29,0
1454707122,29,0
1454707228,29,0
1454707241,29,0
1454707331,29,0
1454707465,29,0
1454707668,29,0
1454707981,29,0
1454708007,29,0
1454708102,29,0
1454708821,29,0
1454708854,29,0
1454709278,29,0
1454715673,29,0
1454715711,29,0
1454716162,29,0
1454716172,29,0
1454716177,29,0
1454716201,29,0
1454716492,29,0
1454716510,29,0
1454716521,29,0
1454716531,29,0
1454716674,29,0
1454716962,29,0
1454717103,29,0
1454717113,29,0
1454717203,29,0
1454717228,29,0
1454717236,29,0
1454717509,29,0
1454717530,29,0
1454717587,29,0
1454717597,29,0
1454718098,29,0
1454718963,32,0
1454727131,44,0
1454727185,44,0
1454727197,44,0
1454728050,44,0
1454728776,44,0
1454728785,44,0
1454729195,29,0
1454729428,29,0
1454729431,29,0
1454729503,29,0
1454736447,8,0
1454740360,46,0
1454747851,30,0
1454748854,30,0
1454750656,30,0
1454752715,8,0
1454755765,30,0
1454756128,30,0
1454760123,30,0
1454762147,29,0
1454762149,29,0
1454762151,29,0
1454762155,29,0
1454762164,29,0
1454762176,29,0
1454762637,30,0
1454763090,30,0
1454764998,30,0
1454765065,32,0
1454765076,32,0
1454766777,30,0
1454774634,30,0
1454774927,30,0
1454775183,28,0
1454775193,28,0
1454775427,28,0
1454775435,28,0
1454775487,28,0
1454775541,28,0
1454776016,30,0
1454776030,30,0
1454779982,28,0
1454782014,30,0
1454788257,46,0
1454788793,46,0
1454789112,46,0
1454789161,46,1
1454789204,8,0
1454789319,46,0
1454789529,46,1
1454789590,46,1
1454789762,46,0
1454789784,46,1
1454789912,46,0
1454789922,46,0
1454790016,8,0
1454790291,30,0
1454790488,46,0
1454792079,44,0
1454792337,44,0
1454792369,44,0
1454792432,44,0
1454792466,30,0
1454792537,44,0
1454792566,30,0
1454792598,44,0
1454794223,8,0
1454794746,44,0
1454795111,44,0
1454796819,32,0
1454799633,29,0
1454802407,32,0
1454802480,28,0
1454803126,29,0
1454803210,29,0
1454803245,29,0
1454803247,29,0
1454803264,29,0
1454803278,29,0
1454803294,29,0
1454803298,29,0
1454803330,29,0
1454803362,29,0
1454804353,28,0
1454804430,28,0
1454804984,28,0
1454805753,28,0
1454805763,28,0
1454805965,29,0
1454805989,29,0
1454806371,46,0
1454806419,46,1
1454806465,46,0
1454807086,28,0
1454807282,28,0
1454807301,28,0
1454811591,8,0
1454811602,8,0
1454812481,29,0
1454813739,29,0
1454815096,29,0
1454815615,32,0
1454816264,29,0
1454816298,29,0
1454816303,29,0
1454816819,29,0
1454816846,29,0
1454816962,29,0
1454816980,29,0
1454816990,29,0
1454816998,29,0
1454817037,29,0
1454817138,18,0
1454817180,18,0
1454817299,29,0
1454817721,29,0
1454817745,29,0
1454817756,29,0
1454817767,29,0
1454817780,29,0
1454817955,29,0
1454817956,18,0
1454821992,46,0
1454822001,46,0
1454827688,29,0
1454829353,29,0
1454829599,29,0
1454834169,30,1
1454834214,30,0
1454834239,30,0
1454836006,30,1
1454837455,30,0
1454839020,30,0
1454839391,30,0
1454845197,32,0
1454845215,30,0
1454846815,30,0
1454847366,28,0
1454847457,28,0
1454847487,28,0
1454847708,28,0
1454848278,19,0
1454848553,19,0
1454848656,19,0
1454848684,19,0
1454848833,19,0
1454848869,19,0
1454849093,19,0
1454849199,19,0
1454849398,19,0
1454849649,19,0
1454849720,19,0
1454849744,19,0
1454849749,19,0
1454849964,19,0
1454850039,19,0
1454850206,19,0
1454850265,19,0
1454850307,19,0
1454850373,19,0
1454850441,19,0
1454852032,28,0
1454852061,28,0
1454852197,28,0
1454853248,19,0
1454855548,19,0
1454855790,19,0
1454855882,19,0
1454855980,19,0
1454856140,19,0
1454860385,19,0
1454860696,19,0
1454860762,19,0
1454861281,30,0
1454861388,19,0
1454861391,19,0
1454861471,19,0
1454861526,19,0
1454861666,19,0
1454861811,19,0
1454862576,19,0
1454862897,19,0
1454862901,19,0
1454862906,19,0
1454864056,19,0
1454864086,19,0
1454864886,19,0
1454864913,19,0
1454866095,19,0
1454866572,19,0
1454866703,19,0
1454866773,19,0
1454866829,19,0
1454866832,32,0
1454866877,19,0
1454866937,19,0
1454867028,19,0
1454867111,19,0
1454867219,19,0
1454867263,19,0
1454867287,19,0
1454867330,19,0
1454867394,19,0
1454867416,19,0
1454867579,19,0
1454867674,19,0
1454867729,19,0
1454868085,19,0
1454871191,28,0
1454871505,19,0
1454871515,28,0
1454871804,30,0
1454871849,28,0
1454871932,30,0
1454872012,44,0
1454872124,44,0
1454872272,44,0
1454872334,44,0
1454872351,28,0
1454872372,44,0
1454872695,28,0
1454873050,28,0
1454873300,28,0
1454873327,46,1
1454873391,28,0
1454873404,46,1
1454873706,28,0
1454873707,46,0
1454873875,46,0
1454873897,46,0
1454873909,46,0
1454873927,46,0
1454873951,46,0
1454875228,30,0
1454876880,30,0
1454877149,30,0
1454877213,30,0
1454878071,19,0
1454879716,30,0
1454880225,44,0
1454880389,44,0
1454880537,19,0
1454881406,44,0
1454881468,44,0
1454882890,30,0
1454883285,19,0
1454883363,32,0
1454883690,19,0
1454883861,19,0
1454884023,41,0
1454884146,46,0
1454886375,19,0
1454886608,19,0
1454887720,28,0
1454887851,19,0
1454887852,19,0
1454888903,44,0
1454889050,44,0
1454889380,46,1
1454889781,29,0
1454890410,46,0
1454891117,29,0
1454891129,29,0
1454891143,29,0
1454891146,29,0
1454891148,29,0
1454891150,29,0
1454891153,29,0
1454891161,29,0
1454891166,29,0
1454891170,29,0
1454891174,29,0
1454891178,29,0
1454891180,44,0
1454891182,29,0
1454891185,29,0
1454893075,29,0
1454893111,29,0
1454893499,29,0
1454894099,44,0
1454894149,44,0
1454895628,44,0
1454895632,4,0
1454895759,44,0
1454900477,18,0
1454900595,18,0
1454900663,18,0
1454900729,4,0
1454904966,18,0
1454905354,46,0
1454905412,46,0
1454906390,19,0
1454907116,18,0
1454907426,46,0
1454908006,29,1
1454908082,29,0
1454910317,46,1
1454910323,46,0
1454910987,30,0
1454911059,30,1
1454911931,1,0
1454912151,30,0
1454913727,1,0
1454913954,46,1
1454920233,46,1
1454920249,46,1
1454920262,46,0
1454921778,8,0
1454921840,8,0
1454926997,30,1
1454930253,4,0
1454930254,4,0
1454933911,29,0
1454934035,29,0
1454934041,29,0
1454934043,29,0
1454934046,29,0
1454934047,29,0
1454934052,29,0
1454934053,29,0
1454938096,41,0
1454938175,41,0
1454938255,41,0
1454938839,30,0
1454943603,28,0
1454943618,28,0
1454944901,41,0
1454950340,30,0
1454952448,30,0
1454952675,46,0
1454952791,46,0
1454952810,46,0
1454956360,30,0
1454959824,30,0
1454959852,30,0
1454960760,30,0
1454961072,30,1
1454961228,19,0
1454968966,28,0
1454969705,28,0
1454970348,28,0
1454972379,41,0
1454972924,28,0
1454974110,32,0
1454974961,32,0
1454974968,32,0
1454974980,32,0
1454975513,32,0
1454976378,44,0
1454976519,44,0
1454977870,44,0
1454977944,44,0
1454980398,19,0
1454980580,19,0
1454980645,19,0
1454980727,19,0
1454980901,19,0
1454981446,19,0
1454981450,19,0
1454981466,19,0
1454982205,19,0
1454982206,19,0
1454982208,19,0
1454984348,19,0
1454984966,4,0
1454985161,19,0
1454987388,12,0
1454987400,12,0
1454987493,12,0
1454987573,12,0
1454987714,12,0
1454987820,12,0
1454987983,12,0
1454989019,12,0
1454991897,12,0
1455003205,8,0
1455003210,8,0
1455003496,46,0
1455003617,46,0
1455003668,46,0
1455003675,46,0
1455003681,46,0
1455003786,8,0
1455003888,46,0
1455004525,30,0
1455010992,12,0
1455011340,12,0
1455011384,12,0
1455011402,12,0
1455011434,12,0
1455011525,12,0
1455011826,12,0
1455011877,12,0
1455012601,30,0
1455012727,29,0
1455012734,29,0
1455012735,29,0
1455012859,30,0
1455015215,30,0
1455018697,19,0
1455022637,30,0
1455030094,30,0
1455031674,30,0
1455032285,19,0
1455035541,30,0
1455037338,30,0
1455037528,30,0
1455039272,30,0
1455039869,19,0
1455042443,8,0
1455043565,30,0
1455045826,32,0
1455045847,41,0
1455045865,32,0
1455046000,30,0
1455046253,41,0
1455046392,41,0
1455047809,12,0
1455048063,12,0
1455050789,30,0
1455051466,12,0
1455056159,1,0
1455056269,30,0
1455056282,30,1
1455057218,29,0
1455057222,29,0
1455057245,29,0
1455057442,12,0
1455057536,29,0
1455057542,29,0
1455057599,19,0
1455057615,19,0
1455057852,29,0
1455058148,44,0
1455058358,44,0
1455058412,44,0
1455058633,44,0
1455058812,44,0
1455058916,44,0
1455061046,12,0
1455061162,12,0
1455061200,12,0
1455061392,12,0
1455064350,28,0
1455064499,28,0
1455064647,28,0
1455067056,19,0
1455068956,32,0
1455069693,4,0
1455069817,4,0
1455071362,19,0
1455071537,19,0
1455071551,19,0
1455075425,30,0
1455075490,30,0
1455075697,46,1
1455077750,29,0
1455077754,29,0
1455077759,29,0
1455077765,29,0
1455077772,29,0
1455077778,29,0
1455082101,29,0
1455082104,29,0
1455082125,29,0
1455082129,29,0
1455082131,29,0
1455082135,29,0
1455082144,29,0
1455082160,29,0
1455082163,29,0
1455082168,29,0
1455082171,29,0
1455082173,29,0
1455082176,29,0
1455082178,29,0
1455082181,29,0
1455082186,29,0
1455082188,29,0
1455087937,29,0
1455087975,29,0
1455087983,29,0
1455087990,29,0
1455087998,29,0
1455088045,29,0
1455088081,29,0
1455088097,29,0
1455088147,29,0
1455088169,29,0
1455088172,29,0
1455088183,29,0
1455088193,29,0
1455088206,29,0
1455088306,29,0
1455088316,29,0
1455088343,29,0
1455088347,29,0
1455088356,29,0
1455088387,29,0
1455088400,29,0
1455088407,29,0
1455088441,29,0
1455088454,29,0
1455088506,29,0
1455088536,29,0
1455088582,29,0
1455088592,29,0
1455088630,29,0
1455088635,29,0
1455088640,29,0
1455088709,29,0
1455088727,29,0
1455088754,29,0
1455088902,29,0
1455088947,29,0
1455088968,29,0
1455088986,29,0
1455089036,29,0
1455089113,29,0
1455089126,29,0
1455089141,29,0
1455089162,29,0
1455089198,29,0
1455089250,29,0
1455089298,29,0
1455089309,29,0
1455089338,29,0
1455089352,29,0
1455089365,29,0
1455089392,29,0
1455089400,29,0
1455089431,29,0
1455089442,29,0
1455089456,29,0
1455089539,29,0
1455089547,29,0
1455089560,29,0
1455089567,29,0
1455089627,29,0
1455089641,29,0
1455089681,29,0
1455089695,29,0
1455089781,29,0
1455089893,29,0
1455090055,29,0
1455090085,29,0
1455090110,29,0
1455090115,29,0
1455090124,29,0
1455090196,29,0
1455090216,29,0
1455090224,29,0
1455090232,29,0
1455090235,29,0
1455090313,29,0
1455090332,29,0
1455090490,29,0
1455090503,29,0
1455090508,29,0
1455090517,29,0
1455090687,29,0
1455090773,29,0
1455090780,29,0
1455090797,29,0
1455090829,29,0
1455090845,29,0
1455090916,29,0
1455090920,29,0
1455090940,29,0
1455091029,29,0
1455091129,29,0
1455091401,29,0
1455091674,29,0
1455092252,12,0
1455094246,12,0
1455094349,12,0
1455094428,12,0
1455094487,12,0
1455094511,12,0
1455094542,12,0
1455095390,12,0
1455095492,12,0
1455095750,12,0
1455096669,12,0
1455106460,28,0
1455106771,28,0
1455107234,28,0
1455107459,19,0
1455108311,28,0
1455108554,28,0
1455108626,28,0
1455108644,28,0
1455108729,19,0
1455108857,28,0
1455109484,41,0
1455109613,41,0
1455109658,41,0
1455109784,41,0
1455110139,28,1
1455110807,41,0
1455111180,28,0
1455116576,30,0
1455120584,19,0
1455120677,19,0
1455123093,28,0
1455128059,30,0
1455130187,19,0
1455130565,30,0
1455141811,12,0
1455141829,12,0
1455142046,30,0
1455143778,8,0
1455145161,30,0
1455154123,19,0
1455154141,28,0
1455154146,19,0
1455154153,19,0
1455157345,4,0
1455157493,4,0
1455157780,19,0
1455157782,19,0
1455157811,19,0
1455157860,4,0
1455157968,19,0
1455158009,4,0
1455159538,19,0
1455159715,19,0
1455159901,19,0
1455159956,19,0
1455159999,19,0
1455164963,12,0
1455177116,19,0
1455177149,19,0
1455177228,8,0
1455177687,12,0
1455177813,8,0
1455183674,12,0
1455184342,12,0
1455184518,12,0
1455184555,12,0
1455184594,12,0
1455185410,12,0
1455185520,12,0
1455185721,12,0
1455187402,29,0
1455187407,29,0
1455187410,29,0
1455187418,29,0
1455187421,29,0
1455187427,29,0
1455187745,12,0
1455187866,30,0
1455188108,4,0
1455199434,30,0
1455202247,19,0
1455202308,30,0
1455202896,30,0
1455202954,30,0
1455205954,19,0
1455206438,30,0
1455211150,46,1
1455211193,46,1
1455211209,46,0
1455211362,46,0
1455211370,46,0
1455211380,46,0
1455211444,46,0
1455216999,19,0
1455217981,19,0
1455220379,19,0
1455222477,30,0
1455224004,30,0
1455224755,30,0
1455227303,41,0
1455227337,41,0
1455228322,30,0
1455228362,30,0
1455228692,30,0
1455228906,30,0
1455228921,30,0
1455229173,30,0
1455229228,30,0
1455231706,19,0
1455231758,19,0
1455231814,19,0
1455234158,19,0
1455234801,29,0
1455234809,29,0
1455234813,29,0
1455234860,29,0
1455237205,19,0
1455237228,19,0
1455238740,19,0
1455240797,19,0
1455240879,19,0
1455241268,19,0
1455241321,19,0
1455241488,19,0
1455241551,19,0
1455241606,19,0
1455241922,44,0
1455241938,44,0
1455242044,44,0
1455242479,44,0
1455242666,44,0
1455243156,44,0
1455243696,44,0
1455243857,44,0
1455243881,44,0
1455244118,44,0
1455245264,19,0
1455245401,19,0
1455245439,19,0
1455245492,19,0
1455245494,19,0
1455245500,19,0
1455245580,19,0
1455245909,19,0
1455245944,8,0
1455245946,19,0
1455246143,19,0
1455246280,19,0
1455246352,19,0
1455246408,8,0
1455246410,19,0
1455246734,19,0
1455246783,19,0
1455246856,19,0
1455246924,19,0
1455246965,19,0
1455247138,12,0
1455247220,19,0
1455247225,19,0
1455247232,19,0
1455247292,19,0
1455248051,19,0
1455248176,19,0
1455248322,19,0
1455248881,30,0
1455249146,46,0
1455249218,30,0
1455249245,30,1
1455249561,30,0
1455249568,30,0
1455249582,30,0
1455250118,19,0
1455251016,19,0
1455251030,19,0
1455251254,19,0
1455251585,19,0
1455251783,19,0
1455251821,19,0
1455252582,12,0
1455258857,30,0
1455258866,30,0
1455258909,30,0
1455258993,30,0
1455259153,30,0
1455259178,30,0
1455259187,30,0
1455259205,30,1
1455259584,19,0
1455259728,30,0
1455259777,30,0
1455260062,8,0
1455260316,19,0
1455260324,19,0
1455260338,19,0
1455260341,19,0
1455260684,30,0
1455261870,46,0
1455262020,46,0
1455263336,30,0
1455263402,30,0
1455263411,30,0
1455263454,30,0
1455263556,30,0
1455263998,30,0
1455264044,30,0
1455264146,30,0
1455264298,46,0
1455264316,46,0
1455264357,46,0
1455264362,46,0
1455264388,30,0
1455264392,46,0
1455265066,30,1
1455265788,46,0
1455265909,30,0
1455266006,30,0
1455266514,30,0
1455266986,46,0
1455268517,46,0
1455268573,46,0
1455268593,46,1
1455269282,46,0
1455269349,46,1
1455269426,46,0
1455269642,46,0
1455271609,46,1
1455271953,46,1
1455273244,46,0
1455274001,46,1
1455279415,30,0
1455282854,19,0
1455282902,19,0
1455282906,19,0
1455282909,19,0
1455282939,19,0
1455283083,19,0
1455283100,19,0
1455283112,19,0
1455283114,19,0
1455283117,19,0
1455283182,19,0
1455283196,19,0
1455283197,19,0
1455283198,19,0
1455283201,19,0
1455283203,19,0
1455283207,19,0
1455283209,19,0
1455283214,19,0
1455283216,19,0
1455283219,19,0
1455283221,19,0
1455283223,19,0
1455283226,19,0
1455283228,19,0
1455283230,19,0
1455283232,19,0
1455283234,19,0
1455283236,19,0
1455283239,19,0
1455283240,19,0
1455283243,19,0
1455283246,19,0
1455283249,19,0
1455283253,19,0
1455283256,19,0
1455283258,19,0
1455283261,19,0
1455283265,19,0
1455283268,19,0
1455283272,19,0
1455283274,19,0
1455283281,19,0
1455283285,19,0
1455283287,19,0
1455283289,19,0
1455283292,19,0
1455283294,19,0
1455283296,19,0
1455283299,19,0
1455283300,19,0
1455283304,19,0
1455283306,19,0
1455283310,19,0
1455283312,19,0
1455283315,19,0
1455283318,19,0
1455283321,19,0
1455283324,19,0
1455283326,19,0
1455283330,19,0
1455283332,19,0
1455283335,19,0
1455283338,19,0
1455283353,19,0
1455283355,19,0
1455283359,19,0
1455283363,19,0
1455283365,19,0
1455288501,28,0
1455288707,28,0
1455290025,28,0
1455290133,28,0
1455290177,28,0
1455290641,28,0
1455291677,30,0
1455291938,30,0
1455293204,19,0
1455293340,19,0
1455293769,19,0
1455293804,19,0
1455294337,19,0
1455295623,19,0
1455296262,19,0
1455296298,19,0
1455296659,46,0
1455296681,46,1
1455297205,19,0
1455297223,19,0
1455298290,30,0
1455299758,30,0
1455301129,41,0
1455302741,19,0
1455302842,19,0
1455303679,28,0
1455305382,28,0
1455305586,28,0
1455305641,19,0
1455306043,30,0
1455307877,28,0
1455307973,28,0
1455308029,28,0
1455309739,30,0
1455310412,30,0
1455310729,30,0
1455310787,30,0
1455310801,30,0
1455310873,30,0
1455310916,30,0
1455310991,30,0
1455311498,30,0
1455311647,30,0
1455314878,30,0
1455315323,30,0
1455315412,19,0
1455315444,19,0
1455316290,28,0
1455316922,28,0
1455317068,19,0
1455319433,28,0
1455321380,19,0
1455321469,19,0
1455321794,19,0
1455322452,19,0
1455322639,19,0
1455322864,46,0
1455323224,44,0
1455323444,19,0
1455323568,19,0
1455323834,19,0
1455324036,19,0
1455324520,19,0
1455324587,44,0
1455324826,32,0
1455324830,19,0
1455325324,44,0
1455326532,29,0
1455326535,29,0
1455326540,29,0
1455326550,29,0
1455326560,29,0
1455330503,8,0
1455331986,32,0
1455332703,18,0
1455333287,18,0
1455338659,19,0
1455338738,19,0
1455338945,19,0
1455339352,19,0
1455339750,19,0
1455341762,19,0
1455342646,19,0
1455342693,19,0
1455343227,8,0
1455343866,19,0
1455344227,8,0
1455344513,46,0
1455344550,46,0
1455344575,46,0
1455345764,8,0
1455345769,8,0
1455352147,30,0
1455354551,29,0
1455354555,29,0
1455354559,29,0
1455354566,29,0
1455354582,29,0
1455354585,29,0
1455358839,30,0
1455359655,12,0
1455359748,12,0
1455359849,12,0
1455359863,12,0
1455359939,12,0
1455360038,12,0
1455360132,12,0
1455360146,12,0
1455360313,12,0
1455360433,12,0
1455360542,12,0
1455360635,12,0
1455360732,12,0
1455360815,12,0
1455360842,12,0
1455360951,12,0
1455361010,12,0
1455361043,12,0
1455361242,12,0
1455361291,12,0
1455361380,12,0
1455361480,12,0
1455361806,28,0
1455363775,30,0
1455370750,30,0
1455370895,30,0
1455370912,30,0
1455371584,30,1
1455375278,32,0
1455375822,19,0
1455375930,19,0
1455376039,19,0
1455376046,19,0
1455376102,19,0
1455376108,19,0
1455376118,19,0
1455376123,19,0
1455376143,19,0
1455376169,19,0
1455381126,19,0
1455381129,19,0
1455381184,19,0
1455381567,19,0
1455382085,30,0
1455382841,19,0
1455382853,19,0
1455382896,19,0
1455382996,19,0
1455383026,32,0
1455383100,19,0
1455383140,19,0
1455384799,30,0
1455385255,30,0
1455386357,30,0
1455386429,12,0
1455390397,19,0
1455390567,19,0
1455390669,19,0
1455390753,19,0
1455391177,19,0
1455391292,44,0
1455391372,44,0
1455391490,44,0
1455391705,44,0
1455391930,44,0
1455392527,44,0
1455392633,46,0
1455392747,46,0
1455392758,46,0
1455392917,30,0
1455393135,19,0
1455393274,44,0
1455393285,44,0
1455393355,44,0
1455393360,44,0
1455394213,19,0
1455396659,46,0
1455397349,19,0
1455398045,12,0
1455398064,12,0
1455398429,12,0
1455398456,12,0
1455398471,12,0
1455399908,32,0
1455400247,28,0
1455401973,12,0
1455402216,12,0
1455402960,28,0
1455403074,28,0
1455403177,28,1
1455403311,28,0
1455403836,19,0
1455404354,19,0
1455405286,19,0
1455407066,44,0
1455407072,44,0
1455407112,44,0
1455407194,44,0
1455407272,19,0
1455407467,19,0
1455407856,19,0
1455408948,28,0
1455409275,28,0
1455409319,28,1
1455409737,28,1
1455410055,28,1
1455410377,28,0
1455410411,28,1
1455412780,32,0
1455413433,28,1
1455413613,28,0
1455415587,12,0
1455416215,19,0
1455416286,12,0
1455416432,29,0
1455416525,4,0
1455416531,29,0
1455417754,19,0
1455420415,32,0
1455420711,32,0
1455420816,32,0
1455420931,32,0
1455425359,19,0
1455425584,19,0
1455425673,19,0
1455426546,19,0
1455429016,12,0
1455429045,12,0
1455443786,8,0
1455444907,28,0
1455444970,28,0
1455445108,28,0
1455445165,8,0
1455445692,8,0
1455447521,46,0
1455448184,46,0
1455451237,19,0
1455451717,30,0
1455451904,30,0
1455457252,29,0
1455458221,32,0
1455459510,32,0
1455460476,30,0
1455463369,30,0
1455471164,30,0
1455471653,19,0
1455471655,19,0
1455471987,19,0
1455472391,19,0
1455472532,19,0
1455472643,19,0
1455473095,19,0
1455473320,19,0
1455473641,19,0
1455473941,19,0
1455473945,19,0
1455473999,19,0
1455474181,30,0
1455474301,19,0
1455474315,30,0
1455475311,19,0
1455476702,19,0
1455476739,19,0
1455477206,12,0
1455477311,12,0
1455478043,19,0
1455478248,30,0
1455479695,30,0
1455480573,30,0
1455480804,30,0
1455484569,19,0
1455486689,28,0
1455488950,46,0
1455489027,46,0
1455489052,46,0
1455489076,46,0
1455489081,46,0
1455489109,46,0
1455489120,46,0
1455489136,46,0
1455489158,46,0
1455489177,46,0
1455489192,46,0
1455489197,46,0
1455489215,46,0
1455489899,46,0
1455490656,12,0
1455490863,12,0
1455490926,12,0
1455491002,12,0
1455491975,28,0
1455492650,8,0
1455493582,8,0
1455493586,8,0
1455495853,29,0
1455497646,46,0
1455497900,46,0
1455497971,46,0
1455504236,4,0
1455505690,19,0
1455507254,10,0
1455509841,46,0
1455509855,46,0
1455511142,19,0
1455517429,12,0
1455519050,46,0
1455519077,46,0
1455519081,46,0
1455519086,46,0
1455521769,12,0
1455522054,12,0
1455522220,12,0
1455522273,12,0
1455522283,12,0
1455522306,12,0
1455523367,12,0
1455524238,46,0
1455524514,12,0
1455524521,12,0
1455524592,12,0
1455525703,46,1
1455526167,8,0
1455529237,12,0
1455529275,12,0
1455529369,12,0
1455529640,12,0
1455529672,12,0
1455529714,12,0
1455529777,12,0
1455529817,12,0
1455529867,19,0
1455529890,12,0
1455530074,12,0
1455530099,19,0
1455530112,19,0
1455530228,12,0
1455530263,19,0
1455530499,12,0
1455533454,30,0
1455534279,30,0
1455534605,30,0
1455534736,4,0
1455535583,30,0
1455536644,30,0
1455536780,30,0
1455537476,30,0
1455540380,30,0
1455540390,30,0
1455543077,30,0
1455552386,30,0
1455553165,30,0
1455553244,30,0
1455553378,30,0
1455557186,19,0
1455557669,19,0
1455557751,19,0
1455557784,19,0
1455557892,19,0
1455558011,19,0
1455558014,19,0
1455558017,19,0
1455558254,19,0
1455558257,19,0
1455558261,19,0
1455558264,19,0
1455558274,19,0
1455558277,19,0
1455558280,19,0
1455558425,19,0
1455558431,19,0
1455558434,19,0
1455558439,19,0
1455558444,19,0
1455558448,19,0
1455558452,19,0
1455558464,19,0
1455558472,19,0
1455558476,19,0
1455558481,19,0
1455558485,19,0
1455558494,19,0
1455558499,19,0
1455558503,19,0
1455558505,19,0
1455558510,19,0
1455558514,19,0
1455558632,19,0
1455558634,19,0
1455558667,19,0
1455558670,19,0
1455558674,19,0
1455558678,19,0
1455559067,19,0
1455559079,19,0
1455559082,19,0
1455559094,19,0
1455559097,19,0
1455559101,19,0
1455559111,19,0
1455559114,19,0
1455559117,19,0
1455559123,19,0
1455559281,19,0
1455559287,19,0
1455559290,19,0
1455559293,19,0
1455559300,19,0
1455559303,19,0
1455559306,19,0
1455559309,19,0
1455559313,19,0
1455559316,19,0
1455559320,19,0
1455559324,19,0
1455559327,19,0
1455559372,19,0
1455559376,19,0
1455559383,19,0
1455559389,19,0
1455559394,19,0
1455559399,19,0
1455559403,19,0
1455559408,19,0
1455559411,19,0
1455559415,19,0
1455559418,19,0
1455560392,19,0
1455560751,19,0
1455561722,19,0
1455561797,19,0
1455561916,19,0
1455564072,30,0
1455564143,30,0
1455564674,32,0
1455566389,28,0
1455567248,1,0
1455568650,44,0
1455569187,44,0
1455569303,30,0
1455569379,30,0
1455569380,44,0
1455569398,44,0
1455569520,44,0
1455570073,44,0
1455574320,30,0
1455577441,28,0
1455577450,28,0
1455577606,28,0
1455577779,46,1
1455577842,46,0
1455577852,46,0
1455577869,46,0
1455577876,46,0
1455577887,46,0
1455577893,46,1
1455577901,46,0
1455577906,46,0
1455579101,28,0
1455580046,44,0
1455580067,44,0
1455580090,44,0
1455580102,44,0
1455580271,44,0
1455580396,44,0
1455584635,28,0
1455584679,28,0
1455584699,44,0
1455585259,44,0
1455585324,44,0
1455585404,44,0
1455585426,44,0
1455586340,44,0
1455586689,44,0
1455586977,1,0
1455587058,1,0
1455587716,19,0
1455587744,19,1
1455587797,1,0
1455587808,4,1
1455588250,1,0
1455588260,4,0
1455588818,4,0
1455590635,46,0
1455590641,46,0
1455590669,1,0
1455590679,4,1
1455590864,46,0
1455590871,46,0
1455590881,46,0
1455590885,46,0
1455590898,46,1
1455590910,19,0
1455590918,46,0
1455590921,46,1
1455590963,46,0
1455591306,46,0
1455591308,46,1
1455591731,46,1
1455591741,19,0
1455591846,19,0
1455592467,46,0
1455592495,46,0
1455592802,44,0
1455593134,44,0
1455593240,44,0
1455593402,44,0
1455593463,44,0
1455593550,44,0
1455593740,1,0
1455593759,4,1
1455593830,46,0
1455593835,46,0
1455593888,44,0
1455593891,1,0
1455593897,46,0
1455593914,4,1
1455593929,44,0
1455593929,46,0
1455593946,46,0
1455594104,44,0
1455594135,44,0
1455594681,44,0
1455594699,46,1
1455594703,46,1
1455594720,4,0
1455594728,19,0
1455594757,46,1
1455595236,29,0
1455595269,29,0
1455595407,30,0
1455595415,30,1
1455595421,30,0
1455595425,30,0
1455595430,30,1
1455596216,29,0
1455596225,29,0
1455596312,19,0
1455596457,19,0
1455596619,29,0
1455597314,29,0
1455597385,44,0
1455597936,1,0
1455597951,1,0
1455598149,44,0
1455598170,29,0
1455598214,29,0
1455598391,29,0
1455598418,29,0
1455598452,29,0
1455598658,29,0
1455598774,29,0
1455599053,29,0
1455599164,29,0
1455599256,29,0
1455599446,29,0
1455599749,29,0
1455600035,29,0
1455600088,29,0
1455600136,29,0
1455600639,44,0
1455600932,46,0
1455600969,46,0
1455600981,46,1
1455600992,46,0
1455601034,46,1
1455601039,46,0
1455601066,46,0
1455601096,46,1
1455601109,46,1
1455601153,46,1
1455601166,46,0
1455601327,46,0
1455601330,46,0
1455603431,46,0
1455603440,46,1
1455603445,46,0
1455603455,46,0
1455603462,46,0
1455603473,46,0
1455603476,46,0
1455603481,46,0
1455603488,46,0
1455603522,29,0
1455604060,46,0
1455604080,46,0
1455604095,46,0
1455604193,46,0
1455604197,46,0
1455604204,46,0
1455604219,46,0
1455604235,46,0
1455604245,46,1
1455604253,46,1
1455604259,46,0
1455604272,46,0
1455604302,46,0
1455604306,46,0
1455604314,46,0
1455604330,46,0
1455605135,46,0
1455605140,46,0
1455605284,1,0
1455605306,29,0
1455605408,29,1
1455605788,1,0
1455605857,46,0
1455605937,46,0
1455605957,46,0
1455605962,46,1
1455606069,46,0
1455606075,46,0
1455606095,46,1
1455606735,49,0
1455606783,49,0
1455606795,49,0
1455606816,49,0
1455606851,49,0
1455606892,49,0
1455606917,46,0
1455606920,46,0
1455606924,46,0
1455606929,46,1
1455607136,49,0
1455607186,49,0
1455607200,49,0
1455607207,49,0
1455607223,49,0
1455607251,46,1
1455607253,49,0
1455607262,46,0
1455607279,49,0
1455607283,46,0
1455607303,49,0
1455607315,49,0
1455607331,49,0
1455607336,49,0
1455607355,49,0
1455607379,49,0
1455607389,49,0
1455607394,49,0
1455607421,49,0
1455607433,49,0
1455607444,49,0
1455607495,49,0
1455607527,49,0
1455607608,49,0
1455607611,49,0
1455607640,49,0
1455607651,49,0
1455607664,49,0
1455607703,49,0
1455607739,49,0
1455607754,49,0
1455607852,49,0
1455607887,49,0
1455607900,49,0
1455607909,49,0
1455607992,49,0
1455608003,49,0
1455608016,49,0
1455608144,49,0
1455608156,49,1
1455608186,49,0
1455608225,49,0
1455608281,49,1
1455608355,49,0
1455608363,49,0
1455608368,49,0
1455608412,49,0
1455608986,49,0
1455608993,49,0
1455608996,49,0
1455609012,49,0
1455609015,49,0
1455609121,49,0
1455609270,49,0
1455609278,49,0
1455609316,49,0
1455609500,29,0
1455609916,46,0
1455609940,46,0
1455609944,46,1
1455609962,46,0
1455609986,46,1
1455609997,46,1
1455610036,46,0
1455610297,49,0
1455610317,49,0
1455610331,49,0
1455610362,49,0
1455610377,49,0
1455610412,49,0
1455610447,49,0
1455610468,49,0
1455610499,49,0
1455610519,49,0
1455610667,49,0
1455610700,49,0
1455610713,49,0
1455610734,49,0
1455610780,49,0
1455610822,49,0
1455610843,49,0
1455610933,49,0
1455610994,49,0
1455610999,49,0
1455611042,49,0
1455611099,49,0
1455611115,49,0
1455611127,49,0
1455611157,49,1
1455611210,49,0
1455611237,49,0
1455611340,49,0
1455611353,49,0
1455611373,49,0
1455611467,49,1
1455611487,49,0
1455611492,49,0
1455611711,29,0
1455611879,49,0
1455611883,49,0
1455611889,49,0
1455612165,49,0
1455612219,49,0
1455612237,49,0
1455612305,49,0
1455612340,49,0
1455612567,49,0
1455612668,49,0
1455613043,29,0
1455613102,49,0
1455613111,49,0
1455613195,49,0
1455613301,46,0
1455613319,46,0
1455613334,46,0
1455613338,49,0
1455613346,46,0
1455613352,49,0
1455613365,49,0
1455613515,49,0
1455613548,49,0
1455613644,44,0
1455613732,49,0
1455613749,49,0
1455613767,49,0
1455614130,49,0
1455614151,49,0
1455614219,49,0
1455614275,49,0
1455614291,49,0
1455614301,49,0
1455614338,49,0
1455614376,49,0
1455614462,44,0
1455614498,49,0
1455614505,49,1
1455614536,49,0
1455614544,49,0
1455614546,49,0
1455614599,49,0
1455614604,49,0
1455614612,49,0
1455614627,49,0
1455614659,49,0
1455614708,49,0
1455614744,49,0
1455614796,49,0
1455614838,49,0
1455614851,49,0
1455614872,49,0
1455614891,49,0
1455614912,49,0
1455615018,49,0
1455615050,49,0
1455615084,49,1
1455615125,49,0
1455615130,46,0
1455615134,49,0
1455615135,46,1
1455615138,46,0
1455615141,46,1
1455615147,46,1
1455615148,49,0
1455615150,49,0
1455615163,46,1
1455615163,46,0
1455615169,46,0
1455615208,12,0
1455615260,49,0
1455615268,49,0
1455615321,29,0
1455615346,49,0
1455615448,46,0
1455615541,49,0
1455615599,29,0
1455615632,49,0
1455615663,49,0
1455615773,46,1
1455615878,49,0
1455615901,49,0
1455615939,29,1
1455616040,29,0
1455616313,49,0
1455616330,29,0
1455616358,49,0
1455616401,49,0
1455616406,29,0
1455616428,49,0
1455616488,29,0
1455616518,49,1
1455616543,29,0
1455616554,29,0
1455616575,49,0
1455616599,29,1
1455616627,29,0
1455616635,49,1
1455616645,49,0
1455616652,49,1
1455616664,29,0
1455616730,29,1
1455616794,29,0
1455616829,29,0
1455616860,29,0
1455616911,29,1
1455616933,29,0
1455617079,29,1
1455617147,49,1
1455617156,29,0
1455617165,49,0
1455617191,29,0
1455617217,49,0
1455617238,49,1
1455617263,29,0
1455617304,29,0
1455617305,49,0
1455617336,29,0
1455617363,49,0
1455617375,49,0
1455617379,49,0
1455617422,49,0
1455617474,49,0
1455617501,29,0
1455617505,49,0
1455617526,49,1
1455617532,49,0
1455617541,46,1
1455617546,49,0
1455617550,49,1
1455617592,49,1
1455617879,29,0
1455617890,29,0
1455618310,29,0
1455618326,29,1
1455618498,29,0
1455618506,29,0
1455618655,29,0
1455618711,29,0
1455622398,30,0
1455622400,30,0
1455622424,30,0
1455623027,30,0
1455623270,1,0
1455623282,4,1
1455623466,30,0
1455623635,29,0
1455623721,19,0
1455623904,19,1
1455624091,19,0
1455624503,19,0
1455625126,19,0
1455626045,30,0
1455627091,30,0
1455627529,30,0
1455627853,30,0
1455629306,30,0
1455629869,49,0
1455629883,49,0
1455629888,49,0
1455629902,49,0
1455629963,49,0
1455629966,49,0
1455630132,49,0
1455630162,49,0
1455632187,49,0
1455632273,4,0
1455632284,49,0
1455632304,49,0
1455633541,19,0
1455634898,19,0
1455636290,30,0
1455636377,30,0
1455636507,30,0
1455637249,30,0
1455637299,19,0
1455637301,19,0
1455637314,19,0
1455637317,19,0
1455637320,19,0
1455637323,19,0
1455638113,30,0
1455638660,19,0
1455638664,19,0
1455638673,19,0
1455638677,19,0
1455638713,19,0
1455638732,19,0
1455638849,19,0
1455638947,19,0
1455638985,30,0
1455639744,49,0
1455640404,46,0
1455640417,46,0
1455640424,46,1
1455640431,46,1
1455640439,46,1
1455640471,46,1
1455640485,46,1
1455640604,46,0
1455640608,46,1
1455640646,46,0
1455640662,46,1
1455640695,46,0
1455640928,46,0
1455640941,46,0
1455640959,46,1
1455641051,46,1
1455641058,46,0
1455641066,46,0
1455641084,46,1
1455641095,46,1
1455641107,46,1
1455641124,46,0
1455641132,46,0
1455641142,46,0
1455641690,19,0
1455642150,46,1
1455642167,46,0
1455642183,46,1
1455642224,46,0
1455642264,46,0
1455642328,46,0
1455643129,30,0
1455645950,12,0
1455646134,30,0
1455647199,30,0
1455648811,19,0
1455650758,12,0
1455650803,12,0
1455650882,12,0
1455650928,12,0
1455652597,19,0
1455652969,19,1
1455653159,30,0
1455653889,19,0
1455654163,19,0
1455654200,19,0
1455654261,19,0
1455655270,32,0
1455656030,32,0
1455656265,19,0
1455656426,30,0
1455656511,19,0
1455656604,19,0
1455656786,19,0
1455657323,49,1
1455657499,32,0
1455657914,49,0
1455657926,49,0
1455658003,49,0
1455659275,19,0
1455659492,30,0
1455659707,19,0
1455659961,8,0
1455659962,19,0
1455659996,19,0
1455660182,19,0
1455660322,19,0
1455660439,19,0
1455660498,19,0
1455660707,19,0
1455660981,19,0
1455661493,19,0
1455661631,12,0
1455663061,19,0
1455663073,32,0
1455663450,19,0
1455663474,19,0
1455664438,19,0
1455665774,49,0
1455665929,46,1
1455665948,46,1
1455665965,46,1
1455665981,46,0
1455665989,46,0
1455666008,46,0
1455666020,46,0
1455666033,46,0
1455666039,46,1
1455666052,46,0
1455666063,46,0
1455666067,46,0
1455666076,46,0
1455666080,46,1
1455668505,28,1
1455669419,28,0
1455670755,19,0
1455671281,29,0
1455671288,29,0
1455671422,29,0
1455671425,29,0
1455671831,44,0
1455672312,10,0
1455672716,29,0
1455672720,29,0
1455672723,29,0
1455676740,28,0
1455677651,19,0
1455677738,19,0
1455677803,19,0
1455677863,12,0
1455677944,19,0
1455678037,19,0
1455678077,19,0
1455678130,19,0
1455678250,19,0
1455678346,4,0
1455678357,19,0
1455678419,19,0
1455678434,4,0
1455678574,19,0
1455678669,19,0
1455678670,19,0
1455678714,19,0
1455678791,29,0
1455678793,29,0
1455678826,29,0
1455678857,29,0
1455678867,19,0
1455678883,29,0
1455678885,29,0
1455678896,29,0
1455678903,29,0
1455678912,29,0
1455678931,29,0
1455678942,29,0
1455678951,29,0
1455679096,1,0
1455679269,19,0
1455679275,28,0
1455679696,1,0
1455680129,19,0
1455680132,19,0
1455680154,19,1
1455680340,28,0
1455680435,1,0
1455680547,28,0
1455681347,4,0
1455681391,29,0
1455681433,29,0
1455681441,29,0
1455681447,29,0
1455681463,29,0
1455681522,30,1
1455681641,29,0
1455681884,29,0
1455682083,30,0
1455682091,19,0
1455682102,19,0
1455682873,1,0
1455682906,49,0
1455682977,49,1
1455683370,19,0
1455683372,49,0
1455683462,29,0
1455683592,29,0
1455683603,29,0
1455683649,29,0
1455683856,29,0
1455683898,29,0
1455683970,29,0
1455684008,49,0
1455684044,49,0
1455684048,49,0
1455684110,49,0
1455684126,29,0
1455684158,49,0
1455684166,29,0
1455684264,49,0
1455684278,49,0
1455684313,29,0
1455684353,29,0
1455684559,49,0
1455684579,49,1
1455684616,49,0
1455684717,29,0
1455684725,29,0
1455684789,29,0
1455684808,29,0
1455684878,29,0
1455684887,29,0
1455684973,29,0
1455685095,29,0
1455685175,29,0
1455685178,29,0
1455685185,29,0
1455685200,29,0
1455685236,10,0
1455685266,29,0
1455685302,29,0
1455685326,29,0
1455685354,29,0
1455685451,29,0
1455685497,29,0
1455685548,29,0
1455685762,1,0
1455685904,1,0
1455686041,29,0
1455686113,29,0
1455686136,29,0
1455686292,29,0
1455686557,29,0
1455686649,29,0
1455686665,29,0
1455686679,49,0
1455686685,49,0
1455686715,49,0
1455686723,49,0
1455686856,29,0
1455687020,29,0
1455687142,29,0
1455687320,29,0
1455687346,29,0
1455687450,29,0
1455687470,29,0
1455687597,29,0
1455687728,29,0
1455687980,29,0
1455688088,29,0
1455688132,29,0
1455688178,29,0
1455688204,29,0
1455688236,29,0
1455688312,29,0
1455688341,29,0
1455688346,29,0
1455688370,29,0
1455688413,29,0
1455688432,29,0
1455688505,29,0
1455688560,29,0
1455688671,29,0
1455688742,29,0
1455688759,29,0
1455689022,29,0
1455689242,29,0
1455689450,29,0
1455689892,29,0
1455690042,29,0
1455690111,29,0
1455690174,29,0
1455690421,29,0
1455691483,29,0
1455691559,29,0
1455691725,29,0
1455691988,29,0
1455692005,29,0
1455692054,29,0
1455692094,29,0
1455692336,29,0
1455692588,29,0
1455692594,29,0
1455692618,29,0
1455692691,29,0
1455692735,29,0
1455692752,29,0
1455692764,29,0
1455692767,29,0
1455692801,29,0
1455692876,29,0
1455692940,29,0
1455694708,29,0
1455695767,12,0
1455696498,8,0
1455697470,29,0
1455699151,12,0
1455699306,12,0
1455699377,12,0
1455699442,12,0
1455699491,12,0
1455699581,12,0
1455699785,12,0
1455700291,46,1
1455701351,46,0
1455701407,46,0
1455701427,46,1
1455701444,46,1
1455701483,46,0
1455701493,46,1
1455701504,46,0
1455701510,46,0
1455701739,46,1
1455701790,46,0
1455701832,46,0
1455701850,46,0
1455701921,46,0
1455701925,46,0
1455703122,29,0
1455703127,29,0
1455703136,29,0
1455703147,29,0
1455703155,29,0
1455705145,28,0
1455715984,19,0
1455716058,19,0
1455717055,30,0
1455719226,49,0
1455719237,49,0
1455719272,49,0
1455719332,49,0
1455719429,49,0
1455723401,30,0
1455724116,19,0
1455724119,19,0
1455724133,19,0
1455724140,19,0
1455724832,30,0
1455727632,30,0
1455728451,46,0
1455728475,46,1
1455728504,46,0
1455728528,46,0
1455729023,30,1
1455731799,19,0
1455738137,1,0
1455738749,30,0
1455739127,30,0
1455739287,30,0
1455739462,30,0
1455739482,30,0
1455739561,30,0
1455740438,32,0
1455740648,12,0
1455740658,12,1
1455740889,29,0
1455741241,12,0
1455742352,44,0
1455743740,28,0
1455744462,32,0
1455744547,12,0
1455744768,30,0
1455744831,30,0
1455744890,30,0
1455745021,19,0
1455745117,28,0
1455745330,28,0
1455745913,30,0
1455746537,28,0
1455746595,28,0
1455747080,28,0
1455747132,28,0
1455747246,28,0
1455747604,28,0
1455747976,28,0
1455748002,32,0
1455748033,32,0
1455748118,32,0
1455749134,28,0
1455749181,32,0
1455749682,28,0
1455749755,28,0
1455749942,32,0
1455750558,46,0
1455750566,46,0
1455751499,18,0
1455751545,18,0
1455757123,19,0
1455757310,19,0
1455757331,19,0
1455757378,19,0
1455757739,19,0
1455758289,19,0
1455758403,19,0
1455759126,49,0
1455759126,49,0
1455759146,19,0
1455759382,19,0
1455759950,32,0
1455760332,41,0
1455760349,10,0
1455762583,19,0
1455762685,19,0
1455762832,19,0
1455763081,19,0
1455763110,19,0
1455763672,19,0
1455763823,19,0
1455763901,19,0
1455764634,46,0
1455764639,46,0
1455764670,46,0
1455764692,46,0
1455764720,46,0
1455764738,46,1
1455764747,46,1
1455765570,30,1
1455768200,30,0
1455774055,49,0
1455774070,49,0
1455774108,49,0
1455774159,49,0
1455774178,49,0
1455774195,49,1
1455774243,49,0
1455774273,49,0
1455774307,49,0
1455774323,49,0
1455777342,49,0
1455777465,49,0
1455777493,49,0
1455777532,49,0
1455780799,8,0
1455782692,46,0
1455782708,46,1
1455782714,46,0
1455782832,46,0
1455782836,46,0
1455782841,46,0
1455782844,46,0
1455792742,30,0
1455792836,30,0
1455792839,30,0
1455793587,8,0
1455794252,8,0
1455795544,30,0
1455795577,30,0
1455795690,30,0
1455795789,30,0
1455795823,30,0
1455795851,30,0
1455796003,30,0
1455796087,30,0
1455796171,30,0
1455796348,30,0
1455796451,30,0
1455796497,30,0
1455796542,30,0
1455796577,30,0
1455796736,30,0
1455796789,30,0
1455796825,30,0
1455796827,30,0
1455796886,30,0
1455796926,30,0
1455797433,30,0
1455797613,30,0
1455797663,30,0
1455801245,30,0
1455806900,19,0
1455807490,19,0
1455813837,30,0
1455814998,30,0
1455815336,30,0
1455816984,30,0
1455817114,29,0
1455817122,29,0
1455817128,29,0
1455817177,29,0
1455817230,29,0
1455817251,29,0
1455817274,29,0
1455817359,29,0
1455821368,19,0
1455821486,30,0
1455822848,19,0
1455823223,30,0
1455823761,30,0
1455823831,30,0
1455824266,30,0
1455824717,30,0
1455824844,30,0
1455824901,19,0
1455826270,30,0
1455826608,30,0
1455828686,30,0
1455829038,30,0
1455829606,30,0
1455831110,19,0
1455831114,19,0
1455831157,19,0
1455831158,19,0
1455831192,19,0
1455831193,19,0
1455831202,19,0
1455831211,19,0
1455832128,19,0
1455833302,19,0
1455833429,19,0
1455833664,19,0
1455833753,19,0
1455833818,32,0
1455834729,19,0
1455835690,19,0
1455835715,19,0
1455836124,19,0
1455836196,19,0
1455836282,19,0
1455836480,19,0
1455836643,19,0
1455836753,19,0
1455836798,19,0
1455847014,49,0
1455847034,49,0
1455847059,49,1
1455847080,49,0
1455847092,49,0
1455847103,49,0
1455847139,49,0
1455847200,49,0
1455847257,49,0
1455847376,49,0
1455847380,49,0
1455848708,18,0
1455853240,19,0
1455854129,4,0
1455854482,49,0
1455860203,4,0
1455860374,12,0
1455860401,12,0
1455860433,12,0
1455860456,12,0
1455860857,12,0
1455861094,12,0
1455861130,12,0
1455864716,12,0
1455864965,12,0
1455865614,12,0
1455865788,12,0
1455866524,1,0
1455866542,29,0
1455866716,30,0
1455866727,30,0
1455870681,49,0
1455870760,30,0
1455870790,49,0
1455870803,49,0
1455870872,49,0
1455870885,49,0
1455871042,49,0
1455871064,49,0
1455871142,49,0
1455871197,49,0
1455871207,49,0
1455871655,12,0
1455871890,49,0
1455871941,49,0
1455871979,49,0
1455871986,49,0
1455872003,49,0
1455872038,49,0
1455872107,30,0
1455872285,49,0
1455872292,49,0
1455872361,49,0
1455872369,49,0
1455872379,49,0
1455872388,49,0
1455872394,49,0
1455872445,49,0
1455872541,49,0
1455872570,49,0
1455872620,49,0
1455872639,49,0
1455872645,49,0
1455873033,46,0
1455873041,46,0
1455873055,46,0
1455873160,46,0
1455873181,46,0
1455873362,46,0
1455873372,46,0
1455873409,46,0
1455873442,46,1
1455875475,30,0
1455876931,30,0
1455888536,19,0
1455888542,19,0
1455889813,30,0
1455890142,49,0
1455890335,49,1
1455890348,49,0
1455890369,49,0
1455890385,49,0
1455890505,49,0
1455890524,49,0
1455890593,49,0
1455890606,49,0
1455890615,49,1
1455890627,49,1
1455890696,49,0
1455891318,30,0
1455891804,10,0
1455896889,30,1
1455899762,30,0
1455903069,19,0
1455903159,19,0
1455903256,19,0
1455906587,30,0
1455906689,30,0
1455906840,30,0
1455913953,19,0
1455920268,19,0
1455920630,19,0
1455921250,19,0
1455921921,30,0
1455921924,30,0
1455922259,30,0
1455927527,19,0
1455927589,19,0
1455928047,19,0
1455928280,19,0
1455928456,19,0
1455928481,19,0
1455928958,19,0
1455930404,29,0
1455933130,4,0
1455934654,32,0
1455935302,32,0
1455935370,32,0
1455936506,49,0
1455936510,49,0
1455936541,49,0
1455936911,32,0
1455938555,49,0
1455938736,49,0
1455938744,49,0
1455940463,29,0
1455940465,29,0
1455941092,49,0
1455941297,49,0
1455941382,49,0
1455941406,49,0
1455941669,49,0
1455941677,49,0
1455941717,49,0
1455941765,49,0
1455946338,8,0
1455946419,29,0
1455946461,29,0
1455946601,29,0
1455946940,29,0
1455950425,29,0
1455950439,29,0
1455955249,30,0
1455955790,30,0
1455955887,30,0
1455957398,30,0
1455957988,29,0
1455957995,29,0
1455958002,29,0
1455958379,1,0
1455958379,1,0
1455958922,29,0
1455958927,29,0
1455959347,30,1
1455959866,30,0
1455960614,18,1
1455961534,46,1
1455961564,46,0
1455961572,46,0
1455961584,46,0
1455961600,46,0
1455961623,46,0
1455961647,46,0
1455961654,46,0
1455965497,29,0
1455965518,29,0
1455965893,29,0
1455979600,30,0
1455980103,30,0
1455980174,30,1
1455981270,30,0
1455983387,30,0
1455983434,30,0
1455983585,30,0
1455983708,30,0
1455986283,19,0
1455986361,19,0
1455986397,19,0
1455986446,19,0
1455986542,19,0
1455993425,19,0
1455993612,19,0
1455993928,19,0
1455993954,19,0
1455993964,44,0
1455993974,19,0
1455993975,44,0
1455994046,44,0
1455994109,44,0
1455994856,44,0
1455997162,19,0
1455997456,30,0
1455997468,30,1
1455997530,30,0
1455998101,30,0
1455998310,30,0
1455999072,30,0
1455999967,30,0
1456000829,30,0
1456000883,30,0
1456000885,46,1
1456000888,46,0
1456000914,30,0
1456001288,30,0
1456001370,30,0
1456001408,30,0
1456001465,30,0
1456001502,30,0
1456001534,30,0
1456001727,30,0
1456001945,30,0
1456002106,30,0
1456003150,30,0
1456003314,30,0
1456003569,30,0
1456003990,19,0
1456004310,19,0
1456004368,19,0
1456004400,19,0
1456004670,19,0
1456004686,19,0
1456004843,19,0
1456004870,19,0
1456005096,19,0
1456005182,19,0
1456005242,30,0
1456005388,19,0
1456005575,49,1
1456005583,49,1
1456005661,19,0
1456005727,49,0
1456005728,49,0
1456005731,49,0
1456008219,49,0
1456008267,49,0
1456015373,44,0
1456016138,49,0
1456016439,44,0
1456016743,44,0
1456016815,46,0
1456016823,46,0
1456016834,44,0
1456016854,46,0
1456016960,44,0
1456022158,4,0
1456025193,44,0
1456025221,44,0
1456025231,44,0
1456025358,44,0
1456025533,4,0
1456026137,30,0
1456029085,46,0
1456038629,46,1
1456043140,12,0
1456043337,12,0
1456044193,12,0
1456044239,12,0
1456044247,12,0
1456044313,12,0
1456044394,12,0
1456044436,12,0
1456044485,12,0
1456044561,12,0
1456044681,12,0
1456044758,12,0
1456044816,12,0
1456044859,12,0
1456048338,30,0
1456054839,32,0
1456057326,41,0
1456057468,30,0
1456057749,30,0
1456064212,19,0
1456064356,19,0
1456064648,19,0
1456064963,19,0
1456066033,30,0
1456069501,30,0
1456069508,19,0
1456070435,19,0
1456071274,30,0
1456071889,30,0
1456072781,19,0
1456072824,30,0
1456073233,30,0
1456074403,30,0
1456074846,30,0
1456075019,30,0
1456075021,30,0
1456075201,30,0
1456075362,30,0
1456075667,12,0
1456075692,12,0
1456075706,30,0
1456075846,30,0
1456075883,12,0
1456076006,30,0
1456076745,19,0
1456077467,30,0
1456077659,12,0
1456078213,30,0
1456078238,30,0
1456079387,30,0
1456082057,46,0
1456082263,46,1
1456082982,49,0
1456083035,49,0
1456083220,49,0
1456083488,49,0
1456083657,32,0
1456084024,32,0
1456084033,32,0
1456084171,19,0
1456084188,19,0
1456084491,44,0
1456084992,44,0
1456085550,44,0
1456085840,30,0
1456085975,30,0
1456086123,30,0
1456086443,30,0
1456086672,19,0
1456086743,19,0
1456086862,19,0
1456086995,19,0
1456087104,30,0
1456087228,19,0
1456087258,19,0
1456087314,19,0
1456087385,19,0
1456087453,19,0
1456087501,19,0
1456087535,19,0
1456087553,30,0
1456087566,30,0
1456087703,19,0
1456088022,19,0
1456088970,41,0
1456090849,49,0
1456093628,18,0
1456094578,10,0
1456095848,49,0
1456095852,49,0
1456095975,49,0
1456096101,49,1
1456096233,49,0
1456096261,49,0
1456096437,49,0
1456101364,19,0
1456101485,19,0
1456101500,19,0
1456101502,19,0
1456101504,19,0
1456101688,19,0
1456101762,19,0
1456101814,19,0
1456102148,19,0
1456102570,19,0
1456102590,19,0
1456106968,49,0
1456107047,49,0
1456107095,44,0
1456108324,44,0
1456108548,8,0
1456108571,8,0
1456109416,19,0
1456109895,44,0
1456110369,8,0
1456110436,44,0
1456110556,19,0
1456110571,44,0
1456110572,19,0
1456110749,44,0
1456111019,44,0
1456111117,44,0
1456111290,44,0
1456111414,8,0
1456113585,44,0
1456113737,44,0
1456113816,44,0
1456113855,44,0
1456114137,44,0
1456114739,44,0
1456114762,44,0
1456114820,44,0
1456115288,44,0
1456115517,44,0
1456116316,8,0
1456116925,8,0
1456117523,8,0
1456119142,46,0
1456119149,46,0
1456121132,29,0
1456121138,29,0
1456121183,29,0
1456121202,29,0
1456123518,49,0
1456123528,49,0
1456123582,49,0
1456123922,49,0
1456123980,49,0
1456124044,49,0
1456124052,49,0
1456124174,49,0
1456124241,49,0
1456124265,49,0
1456127176,49,0
1456127230,8,0
1456127680,49,0
1456127835,49,0
1456127843,49,0
1456128091,49,0
1456128145,49,0
1456128170,49,0
1456128176,49,0
1456128343,49,0
1456128355,49,0
1456128358,49,0
1456128372,49,0
1456128392,49,0
1456128419,49,0
1456128434,49,0
1456128451,49,0
1456128466,49,0
1456128471,49,0
1456128503,49,0
1456128534,49,0
1456128574,49,0
1456128602,49,0
1456128613,49,0
1456128616,49,0
1456128683,49,0
1456128698,49,0
1456128937,49,0
1456128939,49,0
1456128948,49,0
1456128996,49,0
1456129012,49,0
1456129047,49,0
1456129596,8,0
1456131506,12,0
1456133106,12,0
1456133232,12,0
1456133362,12,0
1456133540,12,0
1456133587,12,0
1456133590,12,0
1456133639,12,0
1456134015,12,0
1456134059,12,0
1456134104,12,0
1456134114,12,0
1456134419,12,0
1456134528,12,0
1456134797,12,0
1456134815,12,0
1456134860,12,0
1456134913,12,0
1456135290,12,0
1456135584,12,0
1456136425,49,0
1456141954,30,0
1456141966,30,0
1456142031,30,0
1456142118,30,0
1456142332,30,0
1456142445,30,0
1456142642,30,0
1456142705,30,0
1456144937,30,0
1456148330,49,0
1456148338,49,0
1456149986,49,0
1456149991,49,0
1456150143,49,0
1456150160,49,0
1456150299,49,0
1456150547,49,0
1456150585,49,0
1456150735,49,0
1456151582,30,0
1456152851,30,0
1456155918,30,0
1456162563,46,0
1456162614,46,0
1456162620,46,1
1456164647,19,0
1456165826,19,0
1456165951,19,0
1456166114,19,0
1456166523,19,0
1456168691,29,0
1456168710,19,0
1456169054,30,0
1456169238,30,0
1456169540,32,0
1456169547,32,0
1456170335,32,0
1456170345,32,0
1456171090,30,0
1456171176,32,0
1456171287,30,0
1456171363,29,0
1456171472,32,0
1456172398,8,0
1456172406,32,0
1456173049,32,0
1456173404,30,0
1456173764,32,0
1456175209,19,0
1456177411,29,0
1456177422,29,0
1456177438,29,0
1456177442,29,0
1456177444,29,0
1456177445,29,0
1456177503,29,0
1456177527,29,0
1456177551,29,0
1456177631,19,0
1456177646,29,0
1456177654,19,0
1456177674,29,0
1456177700,29,0
1456177785,29,1
1456177821,29,0
1456177840,29,0
1456177851,29,0
1456177870,29,0
1456178021,29,0
1456178027,29,0
1456178153,29,0
1456178277,29,0
1456178599,29,0
1456182656,46,0
1456182683,46,0
1456182686,46,0
1456182689,46,0
1456182693,46,0
1456182696,46,0
1456182700,46,0
1456182703,46,0
1456182708,46,0
1456182713,46,0
1456182715,46,0
1456182722,46,0
1456182732,46,1
1456182739,46,0
1456182742,46,0
1456182753,46,0
1456182766,46,1
1456182769,46,0
1456182775,46,1
1456182839,46,0
1456189821,19,0
1456190978,18,0
1456195492,8,0
1456196972,4,0
1456197316,8,0
1456197394,18,0
1456197515,49,0
1456197527,49,0
1456197531,49,0
1456197538,49,0
1456197667,8,0
1456197710,49,0
1456197741,49,0
1456197807,49,0
1456197833,49,0
1456197886,49,0
1456197898,49,0
1456197908,49,0
1456197922,49,0
1456198016,49,0
1456198440,49,0
1456198446,49,0
1456198454,49,0
1456198457,49,0
1456198556,49,0
1456198561,49,0
1456199160,19,0
1456199250,19,0
1456199350,19,0
1456199612,19,0
1456199810,30,0
1456200961,4,0
1456201834,4,0
1456202862,44,0
1456202881,44,0
1456202921,44,0
1456203082,44,0
1456203141,44,0
1456205758,8,0
1456207645,49,0
1456207655,12,0
1456207685,49,0
1456207753,12,0
1456207777,49,0
1456208149,12,0
1456208306,12,0
1456208354,12,0
1456208531,12,0
1456213790,49,0
1456213798,49,0
1456213820,49,0
1456214364,49,0
1456214693,8,0
1456216382,49,0
1456216554,49,0
1456218927,46,0
1456218956,46,0
1456218971,46,0
1456218991,46,0
1456229201,49,0
1456234100,19,0
1456235014,19,0
1456238011,32,0
1456242186,30,0
1456242205,30,0
1456242266,30,1
1456242459,19,0
1456243660,30,0
1456246483,46,0
1456251366,30,0
1456256593,29,0
1456258390,30,0
1456264474,49,0
1456264498,49,0
1456264629,49,0
1456264632,49,0
1456264643,49,0
1456264660,49,0
1456264708,49,0
1456264718,49,1
1456264778,49,0
1456264806,49,0
1456264839,49,0
1456264847,49,0
1456264876,49,0
1456264910,49,0
1456264949,49,0
1456269549,4,0
1456270645,44,0
1456270744,44,0
1456270766,44,0
1456270824,44,0
1456271107,44,0
1456271345,44,0
1456271608,44,0
1456271697,44,0
1456271724,44,0
1456271810,19,0
1456271840,19,0
1456271968,19,0
1456272021,44,0
1456272022,19,0
1456272885,32,0
1456273028,32,0
1456274221,19,0
1456275691,44,0
1456276685,19,0
1456277662,19,0
1456277836,19,0
1456280399,19,0
1456280885,19,0
1456280939,19,0
1456281154,19,0
1456281516,18,0
1456281607,19,0
1456281680,19,0
1456282702,19,0
1456282763,19,0
1456282898,19,0
1456283134,19,0
1456283147,19,0
1456283186,19,0
1456283448,19,0
1456283490,12,0
1456283629,19,0
1456283678,44,0
1456284099,12,0
1456285048,12,0
1456285094,12,0
1456285152,12,0
1456285290,12,0
1456285317,19,0
1456291729,49,0
1456291736,49,0
1456291804,49,0
1456298303,49,0
1456298313,49,0
1456298321,49,0
1456298718,29,0
1456298721,29,0
1456298751,29,0
1456298780,29,0
1456298785,29,0
1456298792,29,0
1456298798,29,0
1456298816,29,0
1456299021,29,0
1456299222,29,0
1456299226,29,0
1456299301,29,0
1456299349,29,0
1456299475,12,0
1456299981,29,0
1456299991,29,0
1456301060,29,0
1456301364,29,0
1456301578,29,0
1456301799,29,0
1456301838,29,0
1456302632,29,0
1456309930,12,0
1456310091,12,0
1456310238,12,0
1456310246,12,0
1456310268,12,0
1456310274,12,0
1456310895,29,0
1456321853,30,0
1456322016,30,0
1456322113,30,0
1456322501,30,0
1456322733,30,0
1456324739,19,0
1456326802,19,0
1456327548,30,0
1456328083,30,1
1456330545,30,0
1456331625,19,0
1456331658,19,0
1456332480,30,1
1456334018,46,0
1456334033,46,0
1456334101,46,0
1456334158,46,0
1456334170,46,0
1456334297,46,0
1456334324,46,1
1456334406,19,0
1456334437,46,0
1456334460,46,0
1456334466,46,0
1456334477,46,1
1456334482,46,0
1456334485,46,0
1456334499,46,0
1456334561,46,0
1456334623,46,0
1456334630,46,0
1456334782,19,0
1456334901,19,0
1456336205,19,0
1456336549,30,0
1456336675,30,0
1456336920,30,0
1456338664,19,0
1456338727,19,0
1456338747,19,0
1456339524,30,0
1456340501,30,0
1456341025,30,0
1456341086,30,0
1456343192,19,0
1456343245,19,0
1456343334,30,0
1456343540,30,0
1456344426,30,0
1456344485,19,0
1456347663,18,0
1456348155,30,0
1456354017,32,0
1456354595,4,1
1456355750,8,0
1456357843,19,0
1456358103,19,0
1456358226,19,0
1456358514,19,0
1456360649,19,0
1456360758,19,0
1456365009,32,0
1456365024,32,0
1456365117,32,0
1456367485,4,0
1456370306,32,0
1456370793,8,0
1456370954,12,0
1456371128,12,0
1456371137,29,0
1456371140,19,0
1456371189,29,0
1456371207,12,0
1456371207,29,0
1456372083,10,0
1456372100,10,0
1456372104,10,0
1456372211,10,0
1456372815,10,0
1456372830,10,0
1456373261,10,0
1456373261,10,0
1456374761,46,0
1456374773,46,0
1456374890,46,0
1456374943,46,0
1456374952,46,0
1456374970,46,0
1456374979,46,0
1456375027,46,1
1456375034,46,0
1456375038,46,0
1456386913,12,0
1456387188,12,0
1456394069,46,0
1456394191,46,1
1456396707,12,0
1456397767,12,0
1456397816,12,0
1456397884,12,0
1456397904,12,0
1456398727,30,0
1456399027,30,0
1456404108,19,0
1456416311,30,1
1456420468,19,0
1456421833,19,0
1456422372,19,0
1456424346,19,0
1456424396,19,0
1456424438,19,0
1456424546,19,0
1456424796,19,0
1456424838,19,0
1456424891,19,0
1456424932,19,0
1456425065,19,0
1456425124,19,0
1456425264,19,0
1456425335,19,0
1456425405,19,0
1456425580,19,0
1456425658,19,0
1456425853,19,0
1456425941,19,0
1456427458,19,0
1456427872,12,0
1456428145,12,0
1456430018,30,0
1456430120,30,0
1456430236,30,0
1456430245,30,0
1456430505,32,0
1456430886,30,0
1456431021,19,0
1456432985,30,1
1456433048,30,0
1456433075,19,0
1456433906,32,0
1456434345,30,0
1456436609,30,0
1456436937,49,0
1456436970,49,0
1456436982,49,0
1456438985,19,0
1456439007,29,0
1456439013,29,0
1456439118,49,0
1456439158,49,0
1456439169,49,0
1456439235,49,0
1456439244,49,0
1456439268,49,0
1456439273,49,0
1456439282,49,0
1456439295,49,0
1456439314,49,0
1456439315,49,0
1456439355,49,0
1456439390,49,0
1456439407,19,0
1456440149,49,0
1456440156,49,0
1456440211,49,0
1456440461,49,0
1456440509,49,0
1456440616,49,0
1456440648,49,0
1456440759,49,0
1456440831,28,0
1456440903,28,0
1456441330,19,0
1456443054,32,0
1456444549,44,0
1456449050,29,0
1456449218,29,0
1456450248,44,0
1456452163,12,0
1456452171,12,0
1456452183,12,0
1456455132,19,0
1456455328,19,0
1456455482,19,0
1456455659,19,0
1456455747,19,0
1456456112,19,0
1456456827,19,0
1456456981,19,0
1456456990,19,0
1456457273,19,0
1456457333,12,0
1456457391,19,0
1456457403,19,0
1456457417,19,0
1456457443,12,0
1456457626,19,0
1456457723,19,0
1456457728,19,0
1456457853,19,0
1456457930,19,0
1456457944,4,0
1456458038,19,0
1456458086,19,0
1456458335,4,0
1456458395,19,0
1456458401,19,0
1456458425,19,0
1456458479,4,0
1456458687,4,0
1456458762,19,0
1456458990,19,0
1456459131,19,0
1456459251,19,0
1456460534,4,0
1456461512,19,0
1456461605,19,0
1456462639,19,0
1456462658,19,0
1456462701,19,0
1456469074,49,0
1456469080,49,0
1456469096,49,0
1456469127,49,0
1456469206,49,0
1456469250,49,0
1456469255,49,0
1456469258,49,0
1456469262,49,0
1456469287,49,0
1456469336,49,0
1456469340,49,0
1456469348,49,0
1456469352,49,0
1456469355,49,0
1456469358,49,0
1456469425,49,0
1456469582,49,0
1456469591,49,0
1456469604,49,0
1456469609,49,0
1456469754,49,0
1456469785,49,0
1456469798,49,0
1456469818,49,0
1456469828,49,0
1456469871,49,0
1456469925,49,0
1456470035,49,0
1456470048,49,0
1456470246,49,0
1456470404,49,0
1456470428,49,0
1456473518,12,0
1456473532,12,0
1456473651,12,0
1456473685,12,0
1456473706,12,0
1456475627,49,0
1456475910,49,0
1456475929,49,0
1456476020,49,0
1456476045,49,0
1456476122,49,0
1456476142,49,0
1456476163,49,0
1456476224,49,0
1456476336,49,0
1456476344,49,0
1456480695,8,0
1456483276,19,0
1456483331,19,0
1456483335,19,0
1456485068,30,0
1456485074,30,0
1456485088,30,0
1456486252,30,0
1456487139,30,0
1456487469,30,0
1456489829,30,0
1456489960,30,0
1456490254,30,0
1456490461,30,0
1456490845,19,0
1456490867,19,0
1456490914,19,0
1456492103,19,0
1456492739,19,0
1456495125,19,0
1456495622,49,0
1456495648,49,0
1456495720,49,0
1456495727,49,0
1456497848,30,0
1456497989,30,0
1456498067,30,0
1456498134,30,0
1456499800,30,0
1456501556,30,0
1456504694,30,0
1456506134,30,0
1456506171,30,0
1456510723,30,0
1456510807,32,0
1456511246,30,0
1456513963,30,0
1456514520,30,0
1456514533,30,0
1456515793,19,0
1456515793,32,0
1456515894,19,0
1456515960,19,0
1456516008,30,0
1456516412,30,0
1456516777,32,0
1456517620,19,0
1456517802,19,0
1456519341,19,0
1456519377,30,0
1456519410,19,0
1456519462,30,0
1456519478,30,0
1456519507,30,0
1456519560,30,0
1456519690,30,0
1456519933,19,0
1456520758,30,0
1456520965,19,0
1456521448,19,0
1456521723,30,0
1456522245,19,0
1456522260,19,0
1456522704,19,0
1456522727,19,0
1456522770,19,0
1456522836,30,0
1456523345,49,0
1456527766,32,0
1456534433,44,0
1456534445,44,0
1456534451,44,0
1456534461,44,0
1456534989,32,0
1456535004,19,0
1456537067,19,0
1456537331,29,0
1456538418,19,0
1456540697,18,0
1456541475,19,0
1456544335,4,0
1456546769,8,0
1456548513,30,0
1456558147,8,0
1456559967,30,0
1456560128,30,0
1456560158,30,0
1456560313,49,0
1456560475,49,0
1456560596,30,0
1456561987,30,0
1456562898,30,0
1456563719,46,0
1456563723,46,1
1456563729,46,1
1456564988,12,0
1456565022,12,0
1456565100,12,0
1456565131,12,0
1456565177,12,0
1456565191,12,0
1456565301,12,0
1456565327,12,0
1456565426,12,0
1456565462,12,0
1456565521,12,0
1456565557,12,0
1456565582,12,0
1456565620,12,0
1456568130,29,0
1456569299,30,0
1456573353,32,0
1456579534,19,0
1456579538,19,0
1456581739,30,0
1456584420,30,0
1456585671,19,0
1456586120,30,0
1456589322,30,0
1456591459,30,0
1456593215,30,0
1456595713,30,0
1456598251,30,0
1456598326,30,0
1456599573,28,0
1456599573,28,0
1456599943,49,0
1456601276,46,0
1456601288,46,0
1456601552,30,0
1456602570,19,0
1456602968,30,0
1456603752,12,0
1456604780,30,1
1456605059,30,0
1456605601,46,0
1456605781,46,0
1456605786,46,0
1456605803,46,0
1456605806,46,1
1456606179,30,0
1456607292,29,0
1456607300,29,0
1456607313,29,0
1456608742,19,0
1456608842,19,0
1456608977,19,0
1456609180,19,0
1456609591,19,0
1456610982,19,0
1456611167,19,0
1456611806,19,0
1456611819,19,0
1456611945,19,0
1456612001,19,0
1456612004,19,0
1456612122,19,0
1456612290,19,0
1456612349,19,0
1456612362,19,0
1456612388,19,0
1456612462,19,0
1456612602,19,0
1456615860,49,0
1456615860,49,0
1456615888,19,0
1456616130,19,0
1456616153,19,0
1456617126,44,0
1456617225,44,0
1456617451,44,0
1456617517,44,0
1456617700,44,0
1456617740,44,0
1456618077,32,0
1456618202,44,0
1456618303,19,0
1456618349,19,0
1456618631,44,0
1456618640,8,0
1456618653,8,0
1456618658,8,0
1456618682,8,0
1456618690,8,0
1456618775,44,0
1456618794,44,0
1456620507,32,0
1456620507,32,0
1456640906,12,0
1456650077,30,0
1456650107,30,0
1456650551,30,1
1456651070,49,0
1456651075,49,0
1456651091,49,0
1456651222,49,0
1456651244,49,0
1456651267,49,0
1456651296,49,0
1456651331,49,0
1456651468,49,0
1456651497,49,0
1456651555,49,0
1456657415,49,0
1456657559,8,0
1456657682,49,0
1456657948,29,0
1456659233,8,0
1456660704,29,0
1456660810,29,0
1456660853,29,0
1456665554,30,0
1456669079,18,0
1456669079,18,0
1456672309,19,0
1456675419,30,0
1456678339,30,0
1456679919,19,0
1456680285,30,0
1456680298,30,0
1456680845,44,0
1456681161,30,0
1456681220,30,0
1456681305,30,0
1456681312,41,0
1456682278,30,0
1456682300,19,0
1456682310,19,0
1456682611,19,0
1456682966,19,0
1456682995,19,0
1456683150,19,0
1456683256,19,0
1456683323,19,0
1456683423,19,0
1456683481,19,0
1456683522,19,0
1456683740,19,0
1456683947,19,0
1456684015,19,0
1456684062,30,0
1456684076,19,0
1456684177,19,0
1456684328,19,0
1456684477,19,0
1456684618,41,0
1456684618,41,0
1456684651,19,0
1456684674,19,0
1456684752,19,0
1456684844,19,0
1456684943,19,0
1456684984,19,0
1456685030,19,0
1456685048,19,0
1456685111,19,0
1456685252,19,0
1456685371,19,0
1456685625,19,0
1456685662,19,0
1456685683,30,0
1456685885,19,0
1456685914,19,0
1456685926,19,0
1456686022,19,0
1456686042,19,0
1456686065,30,0
1456686163,19,0
1456686342,19,0
1456686429,19,0
1456686431,19,0
1456686476,19,0
1456686684,19,0
1456686755,19,0
1456686859,19,0
1456686944,30,0
1456687012,30,0
1456687027,19,0
1456687062,19,0
1456687066,30,0
1456687079,19,0
1456687182,19,0
1456687271,19,0
1456687402,19,0
1456687634,19,0
1456687649,19,0
1456687723,19,0
1456687765,19,0
1456687978,19,0
1456687997,19,0
1456688121,19,0
1456688160,19,0
1456688281,19,0
1456688452,29,0
1456688611,19,0
1456688946,19,0
1456688977,12,0
1456689018,19,0
1456689039,19,0
1456689119,19,0
1456689162,19,0
1456689325,19,0
1456689360,19,0
1456689911,30,0
1456690146,49,0
1456690156,49,0
1456690217,49,0
1456690410,49,0
1456690422,49,0
1456690660,19,0
1456691193,30,0
1456691203,19,0
1456691355,30,0
1456694128,30,0
1456694128,30,0
1456701137,46,0
1456708390,8,0
1456708390,8,0
1456711801,4,0
1456714658,4,0
1456714658,4,0
1456718651,44,0
1456719457,44,0
1456719637,44,0
1456719637,44,0
1456720099,46,0
1456720105,46,0
1456720119,46,0
1456720146,46,0
1456720146,46,0
1456722403,29,0
1456722422,29,0
1456722502,29,0
1456722903,19,0
1456722975,19,0
1456722992,19,0
1456722996,19,0
1456723056,19,0
1456723119,29,0
1456723129,29,0
1456723157,19,0
1456723216,29,0
1456723223,19,0
1456723366,29,0
1456723444,19,0
1456723444,19,0
1456724601,49,0
1456724619,49,0
1456726318,29,0
1456726360,29,0
1456728662,29,0
1456729199,49,0
1456729206,49,0
1456729211,49,0
1456729222,49,0
1456729228,49,0
1456729234,49,0
1456729240,49,0
1456729245,49,0
1456729294,49,0
1456729299,49,0
1456729494,12,0
1456729494,12,0
1456732632,49,0
1456732640,49,0
1456732664,49,0
1456732697,49,0
1456732711,49,0
1456732714,49,0
1456732812,49,0
1456732865,49,0
1456732874,49,0
1456736138,29,0
1456736615,29,0
1456739869,49,0
1456739905,29,0
1456739914,29,0
1456739914,29,0
1456739950,49,0
1456739950,49,0
